1.169020000000000081e+01
9.965199999999999614e-01
7.776949999999999363e+01
3.517900000000000027e+00
1.975949999999999918e+01
8.287799999999999612e-01
9.169939999999999714e+01
4.895400000000000063e+01
8.986100000000000421e+00
3.474499999999999811e-01
5.312930000000000064e+01
6.007679999999999865e+01
1.870710000000000051e+01
3.880899999999999905e-01
6.104820000000000135e+01
1.158939999999999948e+01
1.320459999999999923e+01
6.283400000000000096e-01
5.931260000000000332e+01
9.348399999999999821e+00
1.482319999999999993e+01
6.208399999999999475e-01
5.709129999999999683e+01
5.267530000000000001e+01
1.113959999999999972e+01
7.372100000000000319e-01
1.421236000000000104e+02
4.404189999999999827e+01
8.216599999999999682e+00
7.770599999999999730e-01
8.204850000000000421e+01
2.001180000000000092e+01
1.048429999999999929e+01
5.813300000000000134e-01
1.487271000000000072e+02
8.184319999999999595e+01
1.597339999999999982e+01
6.110900000000000221e-01
5.267040000000000077e+01
5.406400000000000006e+01
5.573299999999999699e+00
8.988300000000000178e-01
6.601760000000000161e+01
3.841060000000000230e+01
1.103289999999999971e+01
1.074100000000000055e-01
1.007703000000000060e+02
8.212400000000000588e+00
1.034900000000000020e+01
7.662099999999999467e-01
1.165313000000000017e+02
4.281280000000000285e+01
1.675819999999999865e+01
9.967899999999999539e-01
1.421359999999999957e+02
3.899459999999999837e+01
1.472020000000000017e+01
2.438299999999999912e-01
1.295103000000000009e+02
1.122250000000000014e+01
8.141099999999999781e+00
4.285300000000000220e-01
7.072490000000000521e+01
7.183419999999999561e+01
1.752880000000000038e+01
5.358699999999999575e-01
4.732739999999999725e+01
3.801850000000000307e+01
2.106700000000000017e+00
3.368399999999999728e-01
5.479140000000000299e+01
8.795799999999999841e+00
2.597700000000000120e+00
9.692399999999999904e-01
1.482672000000000025e+02
7.500130000000000052e+01
1.055739999999999945e+01
4.511399999999999855e-01
2.555900000000000105e+01
2.879400000000000048e+01
2.872100000000000097e+00
7.011199999999999655e-01
8.865640000000000498e+01
2.715609999999999857e+01
1.426050000000000040e+01
4.479000000000000203e-01
1.421585000000000036e+02
3.055379999999999896e+01
1.583939999999999948e+01
2.505299999999999749e-01
1.491783000000000072e+02
3.878909999999999769e+01
1.678150000000000119e+01
1.138600000000000029e-01
4.205319999999999681e+01
1.936099999999999932e+00
1.331540000000000035e+01
8.875399999999999956e-01
7.317459999999999809e+01
4.420759999999999934e+01
2.482400000000000162e+00
4.504600000000000271e-01
4.968480000000000274e+01
5.493500000000000050e+00
6.897300000000000431e+00
1.091199999999999948e-01
2.771140000000000114e+01
8.564700000000000557e+01
1.750890000000000057e+01
3.380000000000000226e-01
8.824339999999999407e+01
2.987969999999999970e+01
3.680699999999999861e+00
3.766300000000000203e-01
3.326789999999999736e+01
2.052260000000000062e+01
4.021099999999999675e+00
8.059899999999999842e-01
9.876109999999999900e+01
1.312069999999999936e+01
1.434329999999999927e+01
6.933899999999999508e-01
6.716070000000000562e+01
2.546659999999999968e+01
1.442849999999999966e+01
7.097299999999999720e-01
2.038650000000000162e+01
1.260099999999999998e+00
2.981199999999999850e+00
2.546999999999999820e-01
5.564770000000000039e+01
4.826630000000000109e+01
4.344299999999999606e+00
2.268300000000000038e-01
1.474020999999999901e+02
7.360209999999999297e+01
1.475440000000000040e+01
1.969499999999999862e-01
1.217421999999999969e+02
1.493449999999999989e+01
1.644620000000000104e+01
3.282399999999999762e-01
1.011581000000000046e+02
2.695149999999999935e+01
1.359529999999999994e+01
7.282800000000000384e-01
1.075635999999999939e+02
3.071809999999999974e+01
1.519839999999999947e+01
1.140800000000000008e-01
1.326148000000000025e+02
3.557150000000000034e+01
8.434699999999999420e+00
5.237300000000000288e-01
1.123059999999999974e+02
2.951589999999999847e+01
3.800499999999999989e+00
9.562399999999999789e-01
5.686399999999999721e+01
7.859069999999999823e+01
5.952899999999999636e+00
4.545500000000000096e-01
4.885040000000000049e+01
3.805400000000000116e+00
4.204699999999999882e+00
5.272900000000000365e-01
4.963419999999999987e+01
4.417770000000000152e+01
1.316370000000000040e+01
2.559600000000000208e-01
5.029460000000000264e+01
6.925100000000000477e+01
2.100900000000000212e+00
2.765400000000000080e-01
2.941000000000000014e+01
8.144599999999999795e+01
8.621600000000000819e+00
8.479299999999999615e-01
1.188174000000000063e+02
2.858210000000000051e+01
9.698900000000000077e+00
2.587400000000000255e-01
1.205310000000000059e+02
7.735800000000000232e+00
6.371299999999999741e+00
9.256799999999999473e-01
1.198978000000000037e+02
1.210779999999999923e+01
3.736200000000000188e+00
2.187800000000000022e-01
1.447755999999999972e+02
4.239229999999999876e+01
7.457099999999999618e+00
7.700900000000000523e-01
6.738599999999999568e+01
7.843900000000000317e-01
5.868400000000000283e+00
5.181700000000000195e-01
5.460490000000000066e+01
5.920099999999999696e+00
1.760190000000000055e+01
3.204699999999999771e-01
6.320280000000000342e+01
1.732160000000000011e+01
1.894190000000000040e+01
3.297800000000000176e-01
5.089629999999999654e+01
2.430899999999999839e+00
3.250000000000000000e+00
1.230500000000000066e-01
2.425910000000000011e+01
8.940599999999999881e+00
1.107380000000000031e+01
7.247400000000000508e-01
7.990200000000000102e+01
5.676619999999999777e+01
6.611399999999999721e+00
7.454600000000000115e-01
1.359613999999999976e+02
7.738830000000000098e+01
1.179710000000000036e+01
7.454100000000000170e-01
2.782659999999999911e+01
1.467040000000000077e+01
5.196799999999999642e+00
4.587300000000000266e-01
2.403109999999999857e+01
6.026900000000000368e+00
2.962499999999999911e+00
5.301200000000000356e-01
4.914350000000000307e+01
2.502479999999999905e+01
1.379860000000000042e+01
2.540700000000000180e-01
2.415419999999999945e+01
3.177209999999999823e+01
1.253420000000000023e+01
5.698900000000000077e-01
7.896569999999999823e+01
2.468710000000000093e+01
1.198349999999999937e+01
5.564900000000000402e-01
1.014001999999999981e+02
8.076349999999999341e+01
1.376479999999999926e+01
2.685199999999999809e-01
8.632989999999999498e+01
7.947599999999999909e+01
3.883700000000000152e+00
3.089299999999999824e-01
2.400290000000000035e+01
6.253370000000000317e+01
1.198850000000000016e+01
3.410400000000000098e-01
4.029229999999999734e+01
1.998099999999999987e+00
1.687170000000000059e+01
4.505799999999999805e-01
9.946009999999999707e+01
7.625950000000000273e+01
2.343300000000000161e+00
6.938800000000000523e-01
6.438540000000000418e+01
1.326520000000000010e+01
7.054899999999999949e+00
3.469400000000000261e-01
1.142977000000000061e+02
5.581479999999999819e+01
2.528900000000000148e+00
9.680499999999999661e-01
1.415948999999999955e+02
2.690970000000000084e+01
1.635760000000000147e+01
2.159399999999999931e-01
3.605169999999999675e+01
8.437250000000000227e+01
5.601799999999999891e+00
1.103299999999999975e-01
1.422229000000000099e+02
4.101189999999999714e+01
1.593849999999999945e+01
7.771599999999999620e-01
1.363755999999999915e+02
2.854319999999999879e+01
9.877700000000000813e+00
1.831899999999999917e-01
6.102089999999999748e+01
1.875090000000000146e+01
1.697149999999999892e+01
5.019500000000000073e-01
9.700279999999999347e+01
6.257959999999999923e+01
1.810900000000000176e+01
1.643100000000000116e-01
2.701490000000000080e+01
1.091189999999999927e+01
1.238219999999999921e+01
3.812400000000000233e-01
1.313151000000000010e+02
2.683079999999999998e+01
4.215499999999999581e+00
2.849400000000000266e-01
4.467390000000000327e+01
6.593200000000000394e+00
2.670399999999999885e+00
6.916799999999999615e-01
1.137400999999999982e+02
7.005200000000000671e+01
1.225559999999999938e+01
3.603600000000000136e-01
2.354380000000000095e+01
7.038249999999999318e+01
1.906200000000000117e+01
9.999799999999999800e-01
1.295861999999999910e+02
2.133990000000000009e+01
1.451769999999999960e+01
1.626499999999999890e-01
6.064929999999999666e+01
2.588799999999999990e+00
1.468089999999999939e+01
6.710800000000000098e-01
1.498052000000000135e+02
4.484409999999999741e+01
8.283300000000000551e+00
8.175799999999999734e-01
1.147926999999999964e+02
1.741570000000000107e+01
1.795080000000000098e+01
9.464799999999999880e-01
4.521150000000000091e+01
3.888559999999999661e+01
4.125399999999999956e+00
3.776200000000000112e-01
1.482111999999999910e+02
5.502179999999999893e+01
1.514460000000000051e+01
5.376800000000000468e-01
1.454637999999999920e+02
3.307950000000000301e+01
9.872600000000000264e+00
6.840300000000000269e-01
8.259610000000000696e+01
7.108820000000000050e+01
1.311700000000000088e+01
5.445299999999999585e-01
1.028344000000000023e+02
2.100989999999999824e+01
7.874600000000000044e+00
4.961400000000000254e-01
1.307591999999999928e+02
3.349730000000000274e+01
1.103659999999999997e+01
8.442399999999999904e-01
1.062754000000000048e+02
4.252020000000000266e+01
1.266660000000000075e+01
5.559600000000000097e-01
7.060439999999999827e+01
5.736200000000000188e+00
3.238500000000000156e+00
3.876399999999999846e-01
1.054051999999999936e+02
2.388889999999999958e+01
1.778890000000000171e+01
6.043500000000000538e-01
2.512829999999999941e+01
6.002770000000000294e+01
1.227340000000000053e+01
4.285800000000000165e-01
1.298879000000000019e+02
5.041080000000000183e+01
4.458000000000000185e+00
7.490999999999999881e-01
1.053152999999999935e+02
4.804299999999999571e+00
1.411930000000000085e+01
4.866099999999999870e-01
9.958639999999999759e+01
2.032829999999999870e+01
4.152300000000000324e+00
1.715599999999999903e-01
4.960669999999999646e+01
2.492299999999999827e+01
1.799320000000000164e+01
6.039499999999999869e-01
1.175476000000000028e+02
6.140100000000000335e+01
8.504799999999999471e+00
6.944299999999999917e-01
7.431359999999999388e+01
3.338170000000000215e+01
7.995700000000000252e+00
7.365899999999999670e-01
8.566429999999999723e+01
3.814820000000000277e+01
8.707399999999999807e+00
5.390899999999999581e-01
8.309279999999999688e+01
1.552970000000000006e+01
1.774919999999999831e+01
2.680600000000000205e-01
3.404229999999999734e+01
1.949399999999999977e+01
8.534800000000000608e+00
9.443700000000000427e-01
6.965730000000000643e+01
3.818169999999999931e+01
6.284399999999999764e+00
1.813099999999999989e-01
1.053632000000000062e+02
3.031050000000000111e+01
1.577909999999999968e+01
3.005499999999999838e-01
2.003839999999999932e+01
1.965340000000000131e+01
4.337299999999999933e+00
2.018199999999999994e-01
1.302627999999999986e+02
5.800880000000000081e+01
2.767700000000000049e+00
6.716800000000000548e-01
9.028690000000000282e+01
1.268399999999999928e+01
1.396400000000000041e+01
2.560700000000000198e-01
7.009480000000000643e+01
1.793850000000000122e+01
1.040719999999999956e+01
6.833799999999999875e-01
1.299079999999999870e+02
1.135299999999999976e+00
1.611899999999999977e+01
1.335899999999999865e-01
5.015420000000000300e+01
2.358520000000000039e+01
9.951000000000000512e+00
1.119499999999999940e-01
4.566389999999999816e+01
4.037360000000000326e+01
1.249019999999999975e+01
8.338600000000000456e-01
1.490529999999999973e+02
3.955559999999999832e+01
8.945499999999999119e+00
5.655299999999999772e-01
7.098090000000000543e+01
8.542109999999999559e+01
1.017950000000000088e+01
4.509600000000000275e-01
4.479260000000000019e+01
1.680140000000000100e+01
4.919299999999999784e+00
8.148600000000000287e-01
8.897360000000000468e+01
1.400469999999999970e+01
2.278799999999999937e+00
9.856599999999999806e-01
3.386119999999999663e+01
7.522599999999999731e+00
1.810490000000000066e+01
2.926900000000000057e-01
2.096730000000000160e+01
5.318500000000000227e+00
9.553499999999999659e+00
6.255199999999999649e-01
7.405729999999999791e+01
4.139860000000000184e+01
1.807479999999999976e+01
4.299399999999999888e-01
3.461240000000000094e+01
7.824389999999999645e+01
5.066499999999999559e+00
2.246400000000000063e-01
1.330016999999999996e+02
1.823250000000000171e+01
6.552100000000000257e+00
5.001100000000000545e-01
8.350600000000000023e+01
4.200670000000000215e+01
7.705000000000000071e+00
2.165900000000000047e-01
1.262595000000000027e+02
7.425399999999999778e+00
1.692249999999999943e+01
9.169000000000000483e-01
1.091563000000000017e+02
3.503150000000000119e+01
1.500559999999999938e+01
5.934000000000000385e-01
1.370095000000000027e+02
4.050619999999999976e+01
1.522920000000000051e+01
9.735399999999999610e-01
3.125359999999999872e+01
3.901189999999999714e+01
8.115999999999999659e+00
5.402099999999999680e-01
8.700679999999999836e+01
2.509990000000000165e+01
5.183600000000000207e+00
6.476199999999999735e-01
5.528419999999999845e+01
8.872929999999999495e+01
4.431000000000000050e+00
8.338600000000000456e-01
5.419669999999999987e+01
7.367029999999999745e+01
1.450689999999999991e+01
3.853900000000000103e-01
2.449520000000000053e+01
4.275999999999999801e+01
5.346099999999999852e+00
6.096399999999999597e-01
8.655700000000000216e+01
1.061829999999999963e+01
5.916500000000000092e+00
9.829200000000000159e-01
2.256899999999999906e+01
1.011570000000000036e+01
8.313100000000000378e+00
9.451000000000000512e-01
9.179540000000000077e+01
3.941740000000000066e+01
1.440590000000000082e+01
7.733400000000000274e-01
3.093870000000000076e+01
2.027439999999999998e+01
1.543190000000000062e+01
2.218799999999999939e-01
1.378586999999999989e+02
3.092800000000000082e+01
5.062700000000000422e+00
3.340099999999999736e-01
1.233379999999999939e+02
5.127980000000000160e+01
1.940589999999999904e+01
2.240399999999999892e-01
3.221179999999999666e+01
7.529410000000000025e+01
8.902499999999999858e+00
4.788000000000000034e-01
9.409929999999999950e+01
7.109109999999999729e+01
1.338279999999999959e+01
7.754199999999999982e-01
6.464799999999999613e+01
2.371569999999999823e+01
2.834600000000000009e+00
4.048100000000000032e-01
8.127209999999999468e+01
8.773319999999999652e+01
6.015600000000000058e+00
6.411400000000000432e-01
1.194649000000000001e+02
6.734820000000000562e+01
2.570199999999999818e+00
3.797699999999999965e-01
5.231759999999999877e+01
2.258749999999999858e+01
8.892300000000000537e+00
7.610000000000000098e-01
8.185809999999999320e+01
3.913929999999999865e+01
1.256949999999999967e+01
6.294899999999999940e-01
2.409629999999999939e+01
3.935300000000000153e+01
1.508660000000000068e+01
8.606899999999999551e-01
9.644759999999999422e+01
2.636560000000000059e+01
2.316800000000000193e+00
4.486999999999999877e-01
4.939370000000000260e+01
3.036099999999999799e+00
5.517000000000000348e+00
1.533299999999999941e-01
1.078298000000000059e+02
4.596899999999999764e+00
1.975179999999999936e+01
2.879099999999999993e-01
9.494079999999999586e+01
2.371829999999999927e+01
1.977359999999999829e+01
7.109199999999999964e-01
1.097400000000000042e-01
2.564460000000000051e+01
8.856999999999999318e+00
7.178999999999999826e-01
1.417088999999999999e+02
4.696209999999999951e+01
7.329399999999999693e+00
6.437000000000000499e-01
8.246229999999999905e+01
5.617499999999999716e+01
5.273200000000000109e+00
3.374199999999999977e-01
3.775690000000000168e+01
6.549299999999999677e+00
1.481930000000000014e+01
9.344900000000000428e-01
8.900509999999999877e+01
2.137399999999999878e+01
4.256000000000000227e+00
2.171399999999999997e-01
2.102049999999999841e+01
4.155899999999999928e+00
1.731210000000000093e+01
5.437999999999999501e-01
9.213129999999999598e+01
6.789100000000000357e+00
5.895100000000000229e+00
4.226099999999999857e-01
7.826770000000000493e+01
3.268600000000000172e+00
1.585019999999999918e+01
3.451600000000000223e-01
4.752190000000000225e+01
4.304930000000000234e+01
1.062349999999999994e+01
6.919100000000000250e-01
6.189730000000000132e+01
1.976139999999999830e+01
2.496799999999999908e+00
9.945599999999999996e-01
1.066050000000000040e+02
9.881299999999999528e+00
1.562969999999999970e+01
2.087400000000000089e-01
4.277920000000000300e+01
1.024299999999999988e+00
8.639200000000000657e+00
7.879000000000000448e-01
1.283606000000000051e+02
7.715749999999999886e+01
8.571799999999999642e+00
4.199399999999999800e-01
4.730369999999999919e+01
1.736870000000000047e+01
5.276399999999999757e+00
7.048900000000000166e-01
1.129181999999999988e+02
1.247070000000000078e+01
1.979009999999999891e+01
6.014399999999999746e-01
6.474060000000000059e+01
1.989529999999999887e+01
2.484900000000000109e+00
6.629300000000000193e-01
5.791360000000000241e+01
2.039450000000000074e+01
1.829240000000000066e+01
5.803899999999999615e-01
1.277681000000000040e+02
4.911900000000000155e+00
1.330209999999999937e+01
7.947800000000000420e-01
1.469427000000000021e+02
4.197840000000000060e+01
1.850679999999999836e+01
1.839500000000000024e-01
9.077240000000000464e+01
1.867930000000000135e+01
1.598329999999999984e+01
1.024000000000000049e-01
5.906609999999999872e+01
4.419999999999999929e+00
5.788899999999999935e+00
4.619400000000000173e-01
9.890699999999999648e+01
8.052500000000000213e+00
7.733399999999999608e+00
7.374600000000000044e-01
1.126055000000000064e+02
1.061239999999999917e+01
4.465799999999999770e+00
1.817199999999999926e-01
7.820459999999999923e+01
2.566700000000000093e-01
1.246829999999999927e+01
6.246699999999999475e-01
8.506789999999999452e+01
8.772010000000000218e+01
1.594100000000000072e+01
1.124600000000000044e-01
5.782809999999999917e+01
6.098060000000000258e+01
1.286359999999999992e+01
9.124999999999999778e-01
1.377290999999999883e+02
3.075760000000000005e+01
1.510790000000000077e+01
7.098799999999999555e-01
1.199903999999999940e+02
3.896390000000000242e+01
3.286700000000000177e+00
2.404900000000000093e-01
2.542239999999999966e+01
4.589999999999999858e+00
8.715600000000000236e+00
1.295999999999999930e-01
1.001329000000000065e+02
7.694849999999999568e+01
1.436769999999999925e+01
6.019200000000000106e-01
8.582829999999999870e+01
4.454339999999999833e+01
3.763799999999999812e+00
9.765800000000000036e-01
8.911910000000000309e+01
1.816550000000000153e+01
1.803659999999999997e+01
4.007499999999999951e-01
4.581419999999999959e+01
3.144359999999999999e+01
1.358600000000000030e+01
4.152100000000000235e-01
1.097595000000000027e+02
4.062199999999999989e+01
2.603400000000000158e+00
5.610600000000000032e-01
1.064185999999999979e+02
6.035800000000000054e+00
1.193389999999999951e+01
8.824600000000000222e-01
8.771750000000000114e+01
1.914120000000000132e+01
9.805699999999999861e+00
7.348000000000000087e-01
1.280697000000000116e+02
2.544419999999999860e+01
4.981700000000000017e+00
6.417800000000000171e-01
1.053572999999999951e+02
1.183370000000000033e+01
2.824399999999999800e+00
6.268099999999999783e-01
9.830010000000000048e+01
4.228119999999999834e+01
1.283910000000000018e+01
4.480899999999999883e-01
2.015020000000000167e+01
4.121959999999999980e+01
1.347879999999999967e+01
9.619199999999999973e-01
1.082339999999999947e+02
1.083179999999999943e+01
1.184619999999999962e+01
3.666900000000000159e-01
4.465859999999999985e+01
3.351120000000000232e+01
1.421180000000000021e+01
4.218399999999999928e-01
4.605030000000000001e+01
7.748890000000000100e+01
6.019800000000000040e+00
9.421899999999999720e-01
1.423038999999999987e+02
7.428969999999999629e+01
6.207900000000000418e+00
1.040900000000000020e-01
5.153649999999999665e+01
4.028479999999999706e+01
1.401360000000000028e+01
1.561200000000000088e-01
1.152861999999999938e+02
4.268289999999999651e+01
1.221620000000000061e+01
5.985000000000000320e-01
5.259029999999999916e+01
1.855359999999999943e+01
7.862199999999999633e+00
1.421999999999999931e-01
1.371809000000000083e+02
2.409530000000000172e+01
5.706599999999999895e+00
2.261799999999999922e-01
1.497466000000000008e+02
4.971300000000000097e+01
1.467890000000000050e+01
7.479299999999999837e-01
1.048111999999999995e+02
2.104949999999999832e+01
1.568919999999999959e+01
4.847000000000000197e-01
1.206551999999999936e+02
9.123300000000000409e+00
1.666359999999999886e+01
7.640099999999999669e-01
1.298584999999999923e+02
3.109209999999999852e+01
3.069300000000000139e+00
3.842300000000000160e-01
1.108845000000000027e+02
3.477250000000000085e+01
8.692199999999999704e+00
1.366900000000000059e-01
6.315849999999999653e+01
9.696799999999999642e+00
1.577730000000000032e+01
9.198800000000000310e-01
4.741749999999999687e+01
3.041179999999999950e+01
1.316750000000000043e+01
9.008199999999999541e-01
1.134431000000000012e+02
7.801999999999999602e+01
7.880200000000000315e+00
6.594499999999999806e-01
1.068045000000000044e+02
4.274779999999999802e+01
3.460599999999999898e+00
2.833600000000000008e-01
6.654900000000000659e+01
2.874129999999999896e+01
1.464119999999999955e+01
1.325000000000000067e-01
1.488432999999999993e+02
6.371770000000000067e+01
1.076219999999999999e+01
4.922699999999999854e-01
5.997860000000000014e+01
2.010529999999999973e+01
1.048770000000000024e+01
9.839200000000000168e-01
5.499349999999999739e+01
6.122979999999999734e+01
8.422700000000000742e+00
4.063800000000000190e-01
4.717379999999999995e+01
3.127850000000000108e+01
1.953269999999999840e+01
4.489099999999999757e-01
5.968500000000000227e+01
6.571020000000000039e+01
1.458450000000000024e+01
4.463500000000000245e-01
7.776810000000000400e+01
1.161979999999999968e+01
2.100299999999999834e+00
4.740099999999999869e-01
1.503606000000000051e+02
5.913309999999999889e+01
1.129310000000000080e+01
6.219500000000000028e-01
7.917430000000000234e+01
7.817899999999999849e+00
6.645199999999999996e+00
4.678499999999999881e-01
5.421860000000000213e+01
2.677029999999999887e+01
1.584409999999999918e+01
4.571100000000000163e-01
1.185375999999999976e+02
3.638309999999999889e+01
6.366900000000000226e+00
6.613599999999999479e-01
4.969250000000000256e+01
2.768530000000000157e+01
1.204240000000000066e+01
2.518599999999999728e-01
6.455929999999999325e+01
4.868299999999999628e+00
1.979289999999999949e+01
6.683099999999999596e-01
1.110733000000000033e+02
2.799249999999999972e+01
1.973710000000000164e+01
4.121199999999999863e-01
5.493939999999999912e+01
2.362499999999999822e+00
1.153800000000000026e+01
3.935199999999999809e-01
5.062919999999999732e+01
3.660790000000000077e+01
9.806800000000000850e+00
7.532200000000000006e-01
1.329464999999999861e+02
1.820299999999999940e+01
1.063030000000000008e+01
6.753900000000000459e-01
1.044741000000000071e+02
2.451219999999999999e+01
1.087599999999999945e+01
9.548499999999999766e-01
7.777719999999999345e+01
3.722480000000000189e+01
1.496059999999999945e+01
9.857599999999999696e-01
5.455879999999999797e+01
2.906070000000000064e+01
1.349310000000000009e+01
2.630000000000000115e-01
1.190058999999999969e+02
5.533900000000000041e+00
1.293149999999999977e+01
5.051200000000000134e-01
1.063837999999999937e+02
2.064260000000000161e+01
1.024150000000000027e+01
5.648600000000000287e-01
5.675480000000000302e+01
1.447639999999999993e+01
1.145730000000000004e+01
5.773099999999999898e-01
8.327339999999999520e+01
3.875130000000000052e+01
7.611799999999999677e+00
9.688200000000000145e-01
6.420810000000000173e+01
2.072200000000000131e+01
3.467400000000000038e+00
9.917899999999999494e-01
8.421150000000000091e+01
9.020799999999999486e+00
1.755239999999999867e+01
9.413300000000000001e-01
1.228412000000000006e+02
8.593800000000000239e+01
7.309999999999999609e+00
8.200399999999999912e-01
2.211400000000000077e+01
4.399649999999999750e+01
6.407199999999999562e+00
5.794599999999999751e-01
2.909570000000000078e+01
3.031779999999999831e+01
5.165700000000000180e+00
7.495800000000000241e-01
3.993010000000000304e+01
2.130689999999999884e+01
6.532499999999999751e+00
3.613999999999999990e-01
5.461919999999999931e+01
2.776910000000000167e+01
1.513480000000000025e+01
7.365300000000000180e-01
5.758100000000000307e+01
3.516199999999999903e+01
1.830519999999999925e+01
4.423900000000000055e-01
5.010849999999999937e+01
1.694800000000000040e+01
1.525910000000000011e+01
5.150599999999999623e-01
1.027094000000000023e+02
4.083389999999999986e+01
1.912930000000000064e+01
9.283000000000000140e-01
1.162904999999999944e+02
2.370499999999999829e+00
1.138969999999999949e+01
1.870600000000000041e-01
1.266898999999999944e+02
3.681669999999999732e+01
4.219100000000000072e+00
5.322400000000000464e-01
9.093049999999999500e+01
3.997319999999999851e+01
2.249099999999999877e+00
2.623800000000000021e-01
1.087253000000000043e+02
4.420200000000000351e+00
7.312599999999999767e+00
3.097300000000000053e-01
6.768930000000000291e+01
2.752890000000000015e+01
8.595900000000000318e+00
4.322799999999999976e-01
9.803140000000000498e+01
3.082629999999999981e+01
1.976729999999999876e+01
9.032799999999999718e-01
8.682880000000000109e+01
4.285660000000000025e+01
1.446560000000000024e+01
6.009999999999999787e-01
2.803760000000000119e+01
1.784339999999999904e+01
6.271099999999999675e+00
5.129599999999999715e-01
9.135809999999999320e+01
4.333899999999999864e+01
1.059329999999999927e+01
5.060900000000000398e-01
3.189229999999999876e+01
4.094930000000000092e+01
1.620860000000000056e+01
4.308899999999999952e-01
3.130999999999999872e+01
9.271300000000000097e+00
2.130700000000000038e+00
3.166499999999999870e-01
1.281496999999999957e+02
1.905969999999999942e+01
6.108999999999999986e+00
2.443500000000000116e-01
2.688009999999999877e+01
2.639780000000000015e+01
5.100500000000000256e+00
3.176499999999999879e-01
1.110488000000000000e+02
4.179800000000000182e+00
1.094749999999999979e+01
8.837099999999999955e-01
4.744590000000000174e+01
9.255000000000000782e+00
6.911900000000000155e+00
5.092200000000000060e-01
5.910819999999999652e+01
5.655040000000000333e+01
1.160880000000000045e+01
1.800200000000000133e-01
1.055739999999999981e+02
5.086599999999999788e+00
1.205879999999999974e+01
5.691399999999999793e-01
2.063340000000000174e+01
1.504799999999999915e+00
1.671969999999999956e+01
3.346600000000000130e-01
2.293789999999999907e+01
2.674599999999999866e+01
6.720100000000000406e+00
9.960299999999999709e-01
5.216109999999999758e+01
2.612040000000000006e+01
1.545030000000000037e+01
3.033100000000000240e-01
5.254999999999999716e+01
3.336730000000000018e+01
9.519399999999999196e+00
9.847500000000000142e-01
1.114933999999999941e+02
1.356550000000000011e+01
1.438030000000000008e+01
4.233100000000000196e-01
7.150929999999999609e+01
3.313530000000000086e+01
3.246799999999999908e+00
9.059899999999999620e-01
1.136430000000000007e+02
2.233350000000000080e+01
1.306809999999999938e+01
2.866099999999999759e-01
9.119589999999999463e+01
8.322769999999999868e+01
1.568120000000000047e+01
3.756800000000000139e-01
8.530639999999999645e+01
2.948150000000000048e+01
1.054069999999999929e+01
1.036200000000000038e-01
1.265323999999999955e+02
4.119669999999999987e+01
8.703400000000000247e+00
2.783100000000000018e-01
6.430389999999999873e+01
2.203590000000000160e+01
8.461100000000000065e+00
7.573800000000000532e-01
6.745629999999999882e+01
4.318030000000000257e+01
2.604000000000000092e+00
2.835199999999999942e-01
7.500149999999999295e+01
4.413799999999999812e+01
6.093600000000000350e+00
8.628700000000000259e-01
1.410671000000000106e+02
7.982470000000000709e+01
1.036710000000000065e+01
7.875600000000000378e-01
3.307889999999999731e+01
3.681920000000000215e+01
6.836100000000000065e+00
7.763200000000000101e-01
1.162670999999999992e+02
2.357339999999999947e+01
1.981540000000000035e+01
2.843200000000000172e-01
3.050459999999999994e+01
5.874500000000000277e+00
4.720799999999999663e+00
6.760000000000000453e-01
1.260476000000000028e+02
7.946229999999999905e+01
7.815000000000000391e+00
8.066799999999999526e-01
1.277690999999999946e+02
3.039000000000000146e+00
6.844100000000000072e+00
4.805499999999999772e-01
1.430271999999999935e+02
2.465419999999999945e+01
5.271600000000000286e+00
3.290699999999999736e-01
5.201279999999999859e+01
7.583429999999999893e+01
1.401980000000000004e+01
1.584200000000000053e-01
1.344619000000000142e+02
4.348629999999999995e+01
3.376999999999999780e+00
7.979199999999999626e-01
3.718339999999999890e+01
8.365709999999999980e+01
6.932599999999999874e+00
8.221300000000000274e-01
1.067689000000000021e+02
4.293599999999999639e+00
1.251319999999999943e+01
1.969899999999999984e-01
1.347948000000000093e+02
4.078390000000000271e+01
1.155569999999999986e+01
1.823500000000000121e-01
3.368240000000000123e+01
1.823920000000000030e+01
1.005729999999999968e+01
2.217600000000000127e-01
9.354300000000000637e+01
3.376839999999999975e+01
1.640449999999999875e+01
8.243599999999999817e-01
1.013766999999999996e+02
7.212799999999999656e+00
1.320730000000000004e+01
7.206500000000000128e-01
1.108516999999999939e+02
2.464089999999999847e+01
1.871709999999999852e+01
8.207299999999999596e-01
6.264110000000000156e+01
2.992869999999999919e+01
6.232400000000000162e+00
7.269999999999999796e-01
7.485129999999999484e+01
3.006859999999999999e+01
5.374299999999999855e+00
3.395599999999999730e-01
8.363230000000000075e+01
3.590240000000000009e+01
1.943199999999999861e+01
5.603700000000000347e-01
3.065990000000000038e+01
2.300359999999999872e+01
5.794699999999999740e+00
9.821299999999999475e-01
4.913289999999999935e+01
3.891190000000000282e+01
1.049859999999999971e+01
7.421600000000000419e-01
3.114999999999999858e+01
1.502650000000000041e+01
1.285120000000000040e+01
7.400900000000000256e-01
3.532300000000000040e+01
9.978600000000000136e+00
1.615930000000000177e+01
5.900699999999999834e-01
1.186116999999999990e+02
4.211820000000000164e+01
1.637819999999999965e+01
3.139299999999999868e-01
1.330355999999999881e+02
2.493049999999999855e+01
1.561669999999999980e+01
8.513199999999999656e-01
9.844910000000000139e+01
5.756099999999999994e+00
1.465310000000000024e+01
2.163499999999999868e-01
7.328430000000000177e+01
5.818299999999999983e+01
1.332639999999999958e+01
2.918999999999999928e-01
8.552419999999999334e+01
4.177360000000000184e+01
1.730140000000000100e+01
1.484000000000000041e-01
2.010900000000000176e+01
3.173320000000000007e+01
1.365559999999999974e+01
5.332299999999999818e-01
1.187883999999999958e+02
7.788639999999999475e+01
1.649360000000000070e+01
3.310899999999999954e-01
8.438280000000000314e+01
5.162600000000000300e+00
1.452710000000000079e+01
7.298999999999999932e-01
2.438530000000000086e+01
2.873389999999999844e+01
5.274000000000000021e+00
1.646799999999999931e-01
4.494440000000000168e+01
2.874129999999999896e+01
1.764699999999999847e+01
5.438899999999999846e-01
5.770190000000000197e+01
7.799580000000000268e+01
1.074530000000000030e+01
8.261500000000000510e-01
6.807030000000000314e+01
7.352939999999999543e+01
1.464129999999999932e+01
8.557399999999999451e-01
1.042467000000000041e+02
3.630530000000000257e+01
2.136899999999999800e+00
1.826500000000000068e-01
1.434833000000000141e+02
5.774530000000000030e+01
4.440800000000000303e+00
3.672000000000000264e-01
7.156510000000000105e+01
6.242899999999999672e+00
1.469560000000000066e+01
6.735900000000000221e-01
1.345076999999999998e+02
7.042610000000000525e+01
6.121199999999999974e+00
6.777499999999999636e-01
3.981580000000000297e+01
2.180160000000000053e+01
1.483980000000000032e+01
3.959400000000000142e-01
7.063460000000000605e+01
3.639470000000000027e+01
2.490099999999999980e+00
7.455699999999999550e-01
1.041216000000000008e+02
1.693990000000000151e+01
1.358939999999999948e+01
8.737300000000000066e-01
1.212853000000000065e+02
1.018979999999999997e+01
1.481649999999999956e+01
8.969000000000000306e-01
3.592450000000000188e+01
4.124660000000000082e+01
8.897399999999999309e+00
5.270399999999999530e-01
6.268160000000000309e+01
1.428260000000000041e+01
6.230000000000000426e+00
8.939700000000000424e-01
1.291400999999999897e+02
1.955809999999999960e+01
6.178099999999999703e+00
4.871099999999999874e-01
8.270170000000000243e+01
8.482739999999999725e+01
5.630200000000000315e+00
9.967200000000000504e-01
7.072259999999999991e+01
2.046979999999999933e+01
1.588039999999999985e+01
7.558200000000000474e-01
1.397624000000000137e+02
3.288320000000000221e+01
1.185420000000000051e+01
8.981700000000000239e-01
1.101641000000000048e+02
2.820489999999999853e+01
7.186600000000000321e+00
6.885200000000000209e-01
5.260070000000000334e+01
3.889009999999999678e+01
8.457200000000000273e+00
7.441999999999999726e-01
4.053920000000000101e+01
7.681289999999999907e+01
4.765799999999999592e+00
3.528999999999999915e-01
8.879210000000000491e+01
1.980379999999999896e+01
1.444730000000000025e+01
3.366000000000000103e-01
1.305559000000000083e+02
4.217229999999999990e+01
1.430710000000000015e+01
1.201500000000000068e-01
8.716179999999999950e+01
7.071299999999999386e+01
1.605620000000000047e+01
8.576799999999999979e-01
1.315904999999999916e+02
2.122820000000000107e+01
6.251999999999999780e+00
8.966499999999999471e-01
1.290201999999999884e+02
6.909120000000000061e+01
1.247439999999999927e+01
8.507400000000000517e-01
1.386028000000000020e+02
2.705430000000000135e+01
8.861100000000000421e+00
6.536600000000000188e-01
1.028308999999999997e+02
3.287189999999999657e+01
1.254659999999999975e+01
5.451500000000000234e-01
9.665149999999999864e+01
2.027730000000000032e+01
5.475299999999999834e+00
5.198300000000000143e-01
7.107170000000000698e+01
5.472999999999999865e+00
1.637379999999999924e+01
9.132799999999999807e-01
1.011752000000000038e+02
1.778999999999999915e+01
2.094399999999999817e+00
5.821600000000000108e-01
5.668999999999999773e+01
5.741089999999999804e+01
3.622900000000000009e+00
3.879299999999999971e-01
2.587209999999999965e+01
4.400889999999999702e+01
1.640780000000000172e+01
9.132500000000000062e-01
8.457129999999999370e+01
1.418510000000000026e+01
7.203199999999999825e+00
7.046299999999999786e-01
2.887310000000000088e+01
3.128130000000000166e+01
1.476859999999999928e+01
7.792200000000000237e-01
1.087012000000000000e+02
1.242109999999999914e+01
1.821320000000000050e+01
2.965700000000000003e-01
5.385079999999999956e+01
9.481299999999999173e+00
1.765350000000000108e+01
1.298400000000000110e-01
8.060269999999999868e+01
5.508879999999999910e+01
9.082200000000000273e+00
7.042899999999999716e-01
8.786679999999999779e+01
3.335660000000000025e+01
1.238710000000000022e+01
8.086200000000000054e-01
3.828620000000000090e+01
2.727439999999999998e+01
8.078900000000000858e+00
9.100500000000000256e-01
3.451200000000000045e+01
1.661609999999999943e+01
1.151009999999999955e+01
3.567400000000000015e-01
1.352807999999999993e+02
2.559290000000000020e+01
9.583700000000000330e+00
8.145000000000000018e-01
1.254934999999999974e+02
4.362789999999999679e+01
2.512599999999999945e+00
3.919900000000000051e-01
8.445889999999999986e+01
8.704470000000000596e+01
8.666900000000000048e+00
3.564800000000000191e-01
1.380653000000000077e+02
5.936299999999999955e+01
8.381199999999999761e+00
5.435799999999999521e-01
1.006435000000000031e+02
2.341199999999999903e+01
4.521799999999999820e+00
2.759800000000000031e-01
4.568789999999999907e+01
3.498740000000000094e+01
1.430150000000000077e+01
7.336399999999999588e-01
2.255489999999999995e+01
1.990370000000000061e+01
1.349380000000000024e+01
3.699200000000000266e-01
7.936939999999999884e+01
7.559599999999999653e+00
1.116810000000000080e+01
5.902699999999999614e-01
9.498090000000000543e+01
5.597310000000000230e+01
1.393190000000000062e+01
2.209500000000000075e-01
4.091349999999999909e+01
4.276870000000000260e+01
8.181699999999999307e+00
7.941700000000000426e-01
6.174179999999999779e+01
3.554749999999999943e+01
1.819750000000000156e+01
3.647000000000000242e-01
6.811620000000000630e+01
7.144700000000000273e+01
8.435800000000000409e+00
2.811500000000000110e-01
9.988540000000000418e+01
8.639069999999999538e+01
1.149269999999999925e+01
2.417600000000000027e-01
9.426579999999999870e+01
1.463059999999999938e+01
4.173099999999999810e+00
8.886199999999999655e-01
2.924480000000000146e+01
2.551859999999999928e+01
3.362600000000000033e+00
3.631199999999999983e-01
1.278380999999999972e+02
7.107299999999999329e+01
1.111630000000000074e+01
9.281500000000000306e-01
4.091819999999999879e+01
7.372159999999999513e+01
7.804499999999999993e+00
8.062700000000000422e-01
2.466700000000000159e+01
2.121109999999999829e+01
1.260289999999999999e+01
3.639499999999999957e-01
7.257940000000000680e+01
2.691750000000000043e+01
1.435640000000000072e+01
7.019999999999999574e-01
5.230230000000000246e+01
4.954599999999999937e+01
1.710480000000000089e+01
6.495600000000000263e-01
8.243269999999999698e+01
4.401440000000000197e+01
1.200769999999999982e+01
3.107599999999999807e-01
4.945609999999999928e+01
6.546299999999999564e+00
1.067019999999999946e+01
7.213699999999999557e-01
7.359730000000000416e+01
6.077020000000000266e+01
1.177410000000000068e+01
9.674599999999999866e-01
7.902330000000000609e+01
1.696750000000000114e+01
1.038410000000000011e+01
3.432799999999999740e-01
6.737439999999999429e+01
1.962580000000000169e+01
1.937760000000000105e+01
6.185899999999999732e-01
9.112290000000000134e+01
2.104670000000000130e+01
4.672299999999999898e+00
8.317299999999999693e-01
9.502190000000000225e+01
4.113510000000000133e+01
2.705900000000000194e+00
1.863900000000000001e-01
5.885969999999999658e+01
3.713309999999999889e+01
1.378979999999999961e+01
9.348400000000000043e-01
1.150257000000000005e+02
1.129799999999999915e+00
5.363000000000000433e+00
8.345900000000000540e-01
2.907239999999999824e+01
3.206860000000000355e+01
9.848100000000000520e+00
9.742300000000000404e-01
4.183570000000000277e+01
2.952489999999999881e+01
6.675099999999999589e+00
5.999999999999999778e-01
2.638149999999999906e+01
7.049250000000000682e+01
7.311399999999999899e+00
6.043600000000000083e-01
9.509260000000000446e+01
1.121899999999999942e+01
1.454649999999999999e+01
9.421300000000000230e-01
1.188980999999999995e+02
5.589900000000000091e+01
1.518030000000000079e+01
2.929899999999999727e-01
3.078900000000000040e-02
1.650829999999999842e+01
8.848000000000000753e+00
6.110400000000000276e-01
2.704050000000000153e+01
3.413400000000000212e+00
8.145799999999999486e+00
4.480500000000000038e-01
9.641320000000000334e+01
1.679749999999999943e+01
8.352700000000000458e+00
8.874400000000000066e-01
1.479368000000000052e+02
3.099380000000000024e+01
5.200199999999999712e+00
5.007500000000000284e-01
1.299121000000000095e+02
7.937229999999999563e+01
8.349899999999999878e+00
3.243199999999999972e-01
4.405839999999999890e+01
6.310229999999999961e+01
1.907440000000000069e+01
9.158500000000000529e-01
4.954440000000000310e+01
8.182420000000000471e+01
9.457700000000000884e+00
4.818600000000000105e-01
1.058602999999999952e+02
2.476000000000000076e-02
5.474499999999999922e+00
8.725699999999999568e-01
6.755840000000000600e+01
1.820360000000000156e+01
1.086009999999999920e+01
8.402199999999999669e-01
1.472500000000000000e+02
2.942650000000000077e+01
1.682369999999999877e+01
6.564799999999999525e-01
2.935369999999999990e+01
1.809240000000000137e+01
4.325700000000000323e+00
6.368000000000000327e-01
9.380769999999999698e+01
1.895629999999999882e+01
1.967699999999999960e+01
5.371299999999999963e-01
2.295080000000000098e+01
7.109300000000000175e+00
2.504599999999999937e+00
2.444900000000000129e-01
7.316410000000000480e+01
8.333310000000000173e+01
9.817199999999999704e+00
5.076000000000000512e-01
9.711039999999999850e+01
1.561900000000000066e+00
1.439809999999999945e+01
2.569500000000000117e-01
1.363482999999999947e+02
3.251460000000000150e+01
1.893090000000000117e+01
5.044600000000000195e-01
5.576429999999999865e+01
1.176050000000000040e+01
1.307939999999999969e+01
3.211300000000000265e-01
6.094080000000000297e+01
6.159600000000000186e+00
1.759639999999999915e+01
4.212099999999999733e-01
1.077228000000000065e+02
2.248460000000000036e+01
1.580339999999999989e+01
3.815600000000000103e-01
1.441491000000000042e+02
7.427620000000000289e+01
1.287689999999999912e+01
1.954299999999999926e-01
1.292572999999999865e+02
1.887150000000000105e+01
9.335699999999999221e+00
8.427200000000000246e-01
3.562400000000000233e+01
4.919900000000000162e+00
7.680100000000000371e+00
1.441099999999999881e-01
1.365379000000000076e+02
8.690319999999999823e+01
1.396160000000000068e+01
1.382599999999999940e-01
6.044449999999999790e+01
4.954900000000000304e+00
1.809840000000000160e+01
4.787399999999999989e-01
9.908710000000000662e+01
3.777899999999999814e+00
1.203989999999999938e+01
2.912899999999999934e-01
1.118290999999999968e+02
6.453610000000000468e+01
1.958609999999999829e+01
3.720499999999999918e-01
8.548470000000000368e+01
7.876189999999999714e+01
9.337099999999999511e+00
8.379799999999999471e-01
1.464087000000000103e+02
3.232620000000000005e+01
5.748499999999999943e+00
1.461500000000000021e-01
1.069792999999999950e+02
2.370189999999999841e+01
1.494059999999999988e+01
1.164800000000000002e-01
3.486129999999999995e+01
5.356349999999999767e+01
1.253170000000000073e+01
8.842600000000000460e-01
8.059919999999999618e+01
2.778320000000000078e+01
1.328509999999999991e+01
3.809600000000000208e-01
1.062900000000000063e+02
5.936499999999999666e+00
1.097220000000000084e+01
7.079299999999999482e-01
8.783830000000000382e+01
8.550300000000000011e+00
1.073559999999999981e+01
3.240600000000000147e-01
1.201187000000000040e+02
2.858099999999999863e+00
9.215299999999999159e+00
7.840099999999999847e-01
7.742359999999999332e+01
2.124000000000000110e+00
3.953500000000000014e+00
4.196699999999999875e-01
8.256990000000000407e+01
6.467770000000000152e+01
8.793100000000000804e+00
2.944200000000000150e-01
1.438841999999999928e+02
3.556830000000000069e+01
1.508670000000000044e+01
9.239300000000000290e-01
9.126999999999999602e+01
6.132430000000000092e+01
8.149399999999999977e+00
1.596899999999999986e-01
1.359783999999999935e+02
2.017950000000000088e+01
9.897399999999999309e+00
4.434000000000000163e-01
1.237736000000000018e+02
3.444830000000000325e+01
1.370030000000000037e+01
4.069099999999999939e-01
1.489077000000000055e+02
3.452199999999999847e+01
1.116530000000000022e+01
8.695100000000000051e-01
1.177704999999999984e+02
2.254200000000000159e+01
1.404840000000000089e+01
6.158000000000000140e-01
8.104240000000000066e+01
3.204090000000000060e+01
3.502699999999999925e+00
6.633599999999999497e-01
1.152326000000000050e+02
2.974249999999999972e+01
1.780620000000000047e+01
5.783399999999999652e-01
4.468240000000000123e+01
3.230199999999999960e+01
6.052699999999999747e+00
1.082199999999999968e-01
1.027736000000000018e+02
6.551199999999999690e+00
9.010799999999999699e+00
2.801400000000000001e-01
1.151812000000000040e+02
2.705659999999999954e+01
5.554199999999999804e+00
5.559800000000000297e-01
7.306270000000000664e+01
1.548419999999999952e+01
8.216100000000000847e+00
9.034499999999999753e-01
2.202959999999999852e+01
1.827919999999999945e+01
1.833650000000000091e+01
9.008699999999999486e-01
3.389309999999999690e+01
2.036639999999999873e+01
1.033820000000000050e+01
9.284999999999999920e-01
2.703440000000000154e+01
7.799399999999999977e+01
1.324460000000000015e+01
8.413800000000000168e-01
1.219954000000000036e+02
4.560249999999999915e+01
1.991700000000000159e+01
3.988800000000000123e-01
2.809690000000000154e+01
1.338059999999999938e+01
1.998920000000000030e+01
6.992199999999999527e-01
2.390859999999999985e+01
2.177080000000000126e+01
1.030480000000000018e+01
8.487299999999999844e-01
1.378148999999999944e+02
2.544379999999999953e+01
1.803350000000000009e+01
9.840700000000000003e-01
9.587879999999999825e+01
3.460629999999999740e+01
1.499920000000000009e+01
5.321599999999999664e-01
6.788859999999999673e+01
2.817599999999999838e+01
1.125960000000000072e+01
8.958500000000000352e-01
4.019519999999999982e+01
2.646120000000000161e+01
5.539900000000000269e+00
8.284500000000000197e-01
3.114069999999999894e+01
2.126229999999999976e+01
4.994699999999999918e+00
6.447599999999999998e-01
7.893590000000000373e+01
1.380680000000000085e+01
9.426500000000000767e+00
2.383399999999999963e-01
6.057710000000000150e+01
4.763960000000000150e+01
1.966760000000000019e+01
1.975399999999999934e-01
2.091260000000000119e+01
4.959900000000000198e+00
9.855700000000000571e+00
2.253999999999999893e-01
6.150220000000000198e+01
4.072409999999999997e+01
1.206259999999999977e+01
8.686899999999999622e-01
7.820650000000000546e+01
1.565460000000000029e+01
7.613900000000000112e+00
9.397900000000000142e-01
1.059742999999999995e+02
3.496779999999999688e+01
5.521899999999999586e+00
5.076300000000000257e-01
4.296170000000000044e+01
7.375790000000000646e+01
1.353219999999999956e+01
7.535300000000000331e-01
1.172527000000000044e+02
8.618900000000000006e+00
9.607100000000000861e+00
6.994299999999999962e-01
1.057683999999999997e+02
1.989750000000000085e+01
1.129780000000000051e+01
7.186299999999999910e-01
3.085829999999999984e+01
9.128800000000000026e+00
1.298859999999999992e+01
9.685500000000000220e-01
2.584219999999999828e+01
5.078100000000000058e+00
1.149820000000000064e+01
5.315699999999999870e-01
4.973349999999999937e+01
3.606060000000000088e+01
1.751089999999999947e+01
3.327600000000000002e-01
1.125827000000000027e+02
3.098369999999999891e+01
3.319300000000000139e+00
1.579399999999999971e-01
1.270661000000000058e+02
9.667099999999999582e-01
1.790380000000000038e+01
5.522700000000000387e-01
8.760469999999999402e+01
2.948320000000000007e+01
2.448799999999999866e+00
9.011799999999999811e-01
3.979410000000000025e+01
2.525309999999999988e+01
1.992630000000000123e+01
8.260699999999999710e-01
4.204480000000000217e+01
3.433429999999999893e+01
1.865129999999999910e+01
3.160899999999999821e-01
2.476409999999999911e+01
3.347710000000000008e+01
1.089509999999999934e+01
8.011500000000000288e-01
1.379354999999999905e+02
3.217669999999999675e+01
3.783999999999999808e+00
5.491800000000000015e-01
1.170126000000000062e+02
3.271340000000000003e+01
7.615300000000000402e+00
1.093900000000000011e-01
8.802360000000000184e+01
1.124900000000000011e+00
2.830999999999999961e+00
5.275600000000000289e-01
9.172220000000000084e+01
2.136439999999999984e+01
8.178699999999999193e+00
1.651199999999999890e-01
5.508720000000000283e+01
2.954749999999999943e+01
4.989399999999999835e+00
2.860900000000000110e-01
3.911999999999999744e+01
1.738799999999999901e+00
1.955819999999999936e+01
8.929300000000000015e-01
3.427450000000000330e+01
4.011979999999999791e+01
1.194120000000000026e+01
6.669000000000000483e-01
1.002201000000000022e+02
1.439599999999999991e+00
1.068689999999999962e+01
4.198500000000000010e-01
1.299770000000000039e+02
5.940599999999999881e+00
1.778249999999999886e+01
4.998099999999999765e-01
1.215197000000000003e+02
6.783650000000000091e+01
8.148400000000000531e+00
3.530699999999999950e-01
3.353269999999999840e+01
3.259709999999999752e+01
3.180299999999999905e+00
8.256499999999999950e-01
4.038759999999999906e+01
3.714609999999999701e+01
5.359099999999999753e+00
1.281700000000000061e-01
2.620970000000000155e+01
1.495090000000000074e+01
1.941819999999999879e+01
5.013699999999999823e-01
1.445809999999999889e+02
7.615980000000000416e+01
1.670469999999999899e+01
1.687800000000000133e-01
7.045720000000000027e+01
1.580560000000000009e+01
1.951350000000000051e+01
6.840899999999999759e-01
7.922060000000000457e+01
3.601489999999999725e+01
1.817279999999999873e+01
2.063399999999999956e-01
9.046769999999999357e+01
4.447879999999999967e+01
3.291399999999999881e+00
4.062200000000000255e-01
3.590509999999999735e+01
3.256389999999999674e+01
1.624210000000000065e+01
9.577499999999999902e-01
1.097626000000000062e+02
3.630199999999999960e+01
3.703199999999999825e+00
3.545400000000000218e-01
9.037730000000000530e+01
4.014240000000000208e+01
2.800199999999999800e+00
7.794400000000000217e-01
7.773350000000000648e+01
1.092530000000000001e+01
1.470279999999999987e+01
5.723500000000000254e-01
5.993160000000000309e+01
8.739430000000000121e+01
1.877560000000000073e+01
8.972900000000000320e-01
1.178620999999999981e+02
3.595980000000000132e+01
1.795720000000000027e+01
1.258100000000000052e-01
4.191449999999999676e+01
2.204560000000000031e+01
8.319300000000000139e+00
4.902799999999999936e-01
1.394598000000000013e+02
5.971300000000000097e+01
1.466499999999999915e+01
1.321400000000000075e-01
1.100666999999999973e+02
5.195500000000000007e+00
1.731690000000000040e+01
8.543399999999999883e-01
1.139515999999999991e+02
6.141810000000000258e+01
2.586800000000000210e+00
6.050799999999999512e-01
1.073273999999999972e+02
3.968399999999999750e+01
1.926210000000000022e+01
4.264000000000000012e-01
3.136510000000000176e+01
2.353790000000000049e+01
4.446900000000000297e+00
5.072900000000000187e-01
1.190182999999999964e+02
3.887740000000000151e+01
1.764730000000000132e+01
6.217300000000000049e-01
3.891660000000000252e+01
2.474370000000000047e+01
1.384759999999999991e+01
5.719400000000000039e-01
1.418360999999999876e+02
5.564339999999999975e+01
5.304899999999999949e+00
1.895999999999999908e-01
5.378629999999999711e+01
3.053160000000000096e+01
5.934499999999999886e+00
5.031700000000000061e-01
1.304762000000000057e+02
4.913000000000000256e+01
1.694359999999999999e+01
2.093899999999999928e-01
2.604390000000000072e+01
2.327860000000000085e+01
8.093600000000000350e+00
6.029900000000000260e-01
1.161872000000000043e+02
4.864789999999999992e+01
1.563979999999999926e+01
9.100399999999999601e-01
4.916250000000000142e+01
4.503690000000000282e+01
4.230800000000000338e+00
5.413200000000000234e-01
1.340475000000000136e+02
3.838490000000000180e+01
1.117719999999999914e+01
3.480599999999999805e-01
1.269461000000000013e+02
8.843899999999999650e+00
1.155439999999999934e+01
8.012500000000000178e-01
3.695280000000000342e+01
4.203050000000000352e+01
1.275799999999999912e+01
3.391799999999999815e-01
7.435509999999999309e+01
3.055189999999999984e+01
1.495749999999999957e+01
8.323399999999999688e-01
6.987189999999999657e+01
3.394890000000000185e+01
1.803630000000000067e+01
9.633599999999999941e-01
3.809049999999999869e+01
2.462470000000000070e+01
2.614900000000000002e+00
7.228400000000000380e-01
1.120926999999999936e+02
3.943480000000000274e+01
8.048899999999999721e+00
1.170500000000000013e-01
1.296319000000000017e+02
3.953410000000000224e+01
1.366380000000000017e+01
3.943099999999999938e-01
5.155680000000000263e+01
1.393239999999999945e+01
1.335929999999999929e+01
1.809000000000000052e-01
1.214299000000000035e+02
3.638799999999999812e+00
1.006240000000000023e+01
8.457599999999999563e-01
2.738250000000000028e+01
6.119200000000000195e+00
1.504390000000000072e+01
4.244399999999999840e-01
1.166497999999999990e+02
1.619579999999999842e+01
3.886600000000000055e+00
2.151000000000000134e-01
8.332240000000000180e+01
2.472929999999999851e+01
2.537500000000000089e+00
6.601500000000000146e-01
1.468575999999999908e+02
8.489799999999999613e+01
1.828500000000000014e+01
6.488800000000000123e-01
1.321571999999999889e+02
2.779500000000000171e+01
6.909600000000000186e+00
1.521000000000000130e-01
1.259346000000000032e+02
4.810819999999999652e+01
2.994800000000000129e+00
6.717100000000000293e-01
1.241165000000000020e+02
3.230019999999999669e+01
6.542099999999999582e+00
1.850700000000000123e-01
2.896649999999999991e+01
2.446099999999999852e+01
4.002900000000000347e+00
2.831199999999999828e-01
6.807280000000000086e+01
4.309049999999999869e+01
1.839179999999999993e+01
2.226799999999999891e-01
7.197560000000000002e+01
2.236949999999999861e+01
1.633729999999999905e+01
4.384600000000000164e-01
1.291479999999999961e+02
6.301099999999999923e+00
9.702500000000000568e+00
8.617399999999999505e-01
7.528560000000000230e+01
3.558080000000000354e+01
9.572599999999999554e+00
9.700600000000000334e-01
6.166140000000000043e+01
1.526679999999999993e+01
1.735950000000000060e+01
5.372700000000000253e-01
1.058662999999999954e+02
8.720130000000000337e+01
3.716899999999999871e+00
5.723399999999999599e-01
4.393169999999999931e+01
1.105700000000000038e+01
7.368400000000000283e+00
1.417200000000000126e-01
1.193661000000000030e+02
2.274429999999999907e+01
1.377929999999999922e+01
6.320599999999999552e-01
1.164081000000000046e+02
1.680999999999999872e+01
9.794399999999999551e+00
5.133199999999999985e-01
7.709199999999999875e+01
2.931709999999999994e+01
6.771499999999999631e+00
1.482199999999999906e-01
1.409660000000000082e+02
8.388249999999999318e+01
1.573590000000000089e+01
2.686299999999999799e-01
1.440036000000000058e+02
4.367810000000000059e+01
8.258800000000000807e+00
2.349999999999999867e-01
5.421000000000000085e+01
2.637409999999999854e+01
4.114899999999999558e+00
6.766499999999999737e-01
1.053225000000000051e+02
1.479659999999999975e+01
8.276500000000000412e+00
6.055000000000000382e-01
5.004030000000000200e+01
3.625500000000000167e+00
1.112519999999999953e+01
4.832899999999999974e-01
2.315299999999999869e+01
4.074499999999999567e+00
1.853579999999999828e+01
1.804300000000000070e-01
6.865640000000000498e+01
5.163100000000000023e+01
1.604319999999999879e+01
4.038300000000000223e-01
1.167336999999999989e+02
2.735399999999999920e+01
1.082639999999999958e+01
5.672000000000000375e-01
1.204519999999999982e+02
3.870409999999999684e+01
1.620390000000000086e+01
5.448399999999999910e-01
4.173210000000000264e+01
2.188749999999999929e+01
9.834099999999999397e+00
1.256099999999999994e-01
1.048281999999999954e+02
1.426290000000000013e+01
7.799900000000000055e+00
8.839399999999999480e-01
2.980099999999999838e+01
6.811000000000000387e-01
1.548440000000000083e+01
6.248700000000000365e-01
5.064489999999999981e+01
3.330149999999999721e+01
5.626400000000000290e+00
2.554000000000000159e-01
8.238519999999999754e+01
2.859039999999999893e+01
7.727599999999999802e+00
8.175999999999999934e-01
1.470046000000000106e+02
3.606589999999999918e+01
1.587320000000000064e+01
3.470500000000000251e-01
1.288410000000000082e+02
2.426920000000000144e+01
7.779700000000000060e+00
9.050599999999999756e-01
1.137609000000000066e+02
2.008210000000000051e+01
1.168619999999999948e+01
9.932400000000000118e-01
9.251319999999999766e+01
3.157179999999999964e+01
1.589480000000000004e+01
2.851099999999999746e-01
9.200709999999999411e+01
1.747220000000000084e+01
2.338600000000000012e+00
9.112999999999999989e-01
4.471900000000000119e+01
2.726529999999999987e+01
7.163599999999999746e+00
7.933499999999999996e-01
9.340030000000000143e+01
8.517369999999999663e+01
1.085749999999999993e+01
8.700799999999999645e-01
1.317656000000000063e+02
2.230590000000000117e+01
4.026799999999999713e+00
5.923500000000000432e-01
6.467489999999999384e+01
4.655700000000000394e+00
1.345730000000000004e+01
7.204899999999999638e-01
1.008596000000000004e+02
3.310299999999999798e+00
9.482900000000000773e+00
2.078399999999999970e-01
1.312693999999999903e+02
1.401939999999999920e+01
1.059789999999999921e+01
9.501199999999999646e-01
5.880579999999999785e+01
3.743589999999999662e+01
7.340200000000000280e+00
3.869000000000000217e-01
8.627549999999999386e+01
1.908749999999999858e+01
1.428679999999999950e+01
6.624600000000000488e-01
1.113423999999999978e+02
7.037590000000000146e+01
9.201000000000000512e+00
7.897100000000000231e-01
1.112377999999999929e+02
3.265200000000000102e+00
3.585599999999999898e+00
5.718400000000000150e-01
5.572149999999999892e+01
1.331499999999999950e+01
3.811500000000000110e+00
4.001000000000000112e-01
1.173430000000000035e+02
8.282540000000000191e+01
1.908510000000000062e+01
8.560400000000000231e-01
2.983980000000000032e+01
3.486070000000000135e+01
5.363699999999999690e+00
5.407899999999999929e-01
1.043438000000000017e+02
2.005140000000000100e+01
3.539299999999999891e+00
3.362299999999999733e-01
2.381319999999999837e+01
3.604569999999999652e+01
8.329900000000000304e+00
8.477500000000000036e-01
9.173890000000000100e+01
2.633689999999999998e+01
1.151360000000000028e+01
4.883600000000000163e-01
1.156607999999999947e+02
1.500259999999999927e+01
4.923600000000000421e+00
8.630200000000000093e-01
1.058738000000000028e+02
3.862530000000000285e+01
6.926499999999999879e+00
5.209899999999999531e-01
9.197490000000000521e+01
2.003079999999999927e+01
1.972749999999999915e+01
9.523899999999999588e-01
1.501891999999999996e+02
3.632950000000000301e+01
7.125000000000000000e+00
8.056600000000000428e-01
4.374419999999999931e+01
2.140680000000000049e+01
8.378099999999999881e+00
8.899799999999999933e-01
9.640240000000000009e+01
1.420170000000000066e+01
6.865300000000000402e+00
2.876199999999999868e-01
1.035606999999999971e+02
2.542409999999999926e+01
5.538700000000000401e+00
3.259799999999999920e-01
8.176420000000000243e+01
2.772200000000000131e+01
1.099319999999999986e+01
2.914399999999999769e-01
1.367605000000000075e+02
7.085309999999999775e+01
1.235019999999999918e+01
9.763399999999999856e-01
7.659690000000000509e+01
2.724879999999999924e+01
9.653499999999999304e+00
8.418700000000000072e-01
8.412930000000000064e+01
7.363710000000000377e+01
1.472300000000000075e+01
6.533099999999999463e-01
1.144440000000000026e+02
8.297029999999999461e+01
1.003470000000000084e+01
9.800200000000000022e-01
1.338445000000000107e+02
7.480740000000000123e+01
7.758300000000000196e+00
3.185600000000000098e-01
6.520399999999999352e+01
5.106819999999999737e+01
2.070899999999999963e+00
2.586999999999999855e-01
1.483807999999999936e+02
3.937830000000000297e+01
1.103960000000000008e+01
8.242099999999999982e-01
1.044432999999999936e+02
6.964400000000000546e+01
7.673000000000000043e+00
5.739400000000000057e-01
1.377239999999999895e+02
8.129330000000000211e+01
1.282569999999999943e+01
7.565699999999999648e-01
8.177160000000000650e+01
6.051780000000000115e+01
3.956599999999999895e+00
6.802500000000000213e-01
8.185930000000000462e+01
1.689399999999999835e+01
1.382349999999999923e+01
6.651799999999999935e-01
7.633050000000000068e+01
1.313930000000000042e+01
1.824889999999999901e+01
9.503099999999999881e-01
8.384749999999999659e+01
2.208889999999999887e+01
1.102040000000000042e+01
5.251000000000000112e-01
7.460890000000000555e+01
4.577279999999999660e+01
1.971829999999999927e+01
3.407200000000000228e-01
1.429395000000000095e+02
8.720539999999999736e+01
1.604200000000000159e+01
9.085100000000000398e-01
5.070649999999999835e+01
8.352800000000000580e+01
1.854449999999999932e+01
5.148200000000000554e-01
8.505849999999999511e+01
2.294399999999999995e+00
2.549700000000000077e+00
7.696699999999999653e-01
8.262980000000000302e+01
2.250100000000000122e+01
8.851900000000000546e+00
4.631299999999999861e-01
1.209313999999999965e+02
7.794599999999999795e+01
5.760799999999999699e+00
7.383499999999999508e-01
3.558120000000000260e+01
1.063039999999999985e+01
8.213599999999999568e+00
6.848800000000000443e-01
6.962470000000000425e+01
5.884000000000000341e+00
4.759699999999999598e+00
7.299299999999999677e-01
1.291154999999999973e+02
3.649539999999999651e+01
1.060469999999999935e+01
2.587700000000000000e-01
5.201619999999999777e+01
5.339229999999999876e+01
6.586199999999999832e+00
3.016400000000000192e-01
1.301931999999999903e+02
3.005249999999999844e+01
3.087499999999999911e+00
8.357799999999999674e-01
6.207900000000000063e+01
1.300089999999999968e+01
1.932209999999999894e+01
8.821299999999999697e-01
3.823409999999999798e+01
5.288700000000000401e+00
1.846630000000000038e+01
3.677400000000000113e-01
2.506960000000000122e+01
3.002400000000000180e+00
1.115320000000000000e+01
5.596900000000000208e-01
1.237254999999999967e+02
3.679319999999999879e+01
1.248049999999999926e+01
5.866700000000000248e-01
5.455369999999999919e+01
3.914730000000000132e+01
1.850949999999999918e+01
3.572600000000000220e-01
1.183615999999999957e+02
3.407399999999999807e+01
1.973089999999999833e+01
2.007899999999999963e-01
1.495806000000000040e+02
3.402369999999999806e+01
1.423380000000000045e+01
2.368500000000000050e-01
4.275679999999999836e+01
2.216910000000000025e+01
8.307800000000000296e+00
8.171199999999999575e-01
6.598180000000000689e+01
4.352649999999999864e+01
1.528110000000000035e+01
1.570600000000000052e-01
1.419398999999999944e+02
3.871979999999999933e+01
1.359769999999999968e+01
4.407499999999999751e-01
8.953369999999999607e+01
3.652109999999999701e+01
1.642960000000000065e+01
5.667400000000000215e-01
1.078898999999999972e+02
8.305300000000000793e+00
3.088499999999999801e+00
4.593300000000000161e-01
7.439230000000000587e+01
2.370939999999999870e+01
4.104899999999999771e+00
3.119700000000000251e-01
9.922799999999999443e+01
1.347349999999999959e+01
1.710679999999999978e+01
7.754699999999999926e-01
5.728399999999999892e+01
4.506850000000000023e+01
1.318239999999999945e+01
4.930899999999999728e-01
1.263713999999999942e+02
3.991199999999999903e+01
3.620999999999999996e+00
8.245999999999999996e-01
1.176702999999999975e+02
1.495500000000000052e+00
1.213589999999999947e+01
2.793700000000000072e-01
6.831579999999999586e+01
2.423010000000000019e+01
9.631999999999999673e+00
5.419100000000000028e-01
1.403032000000000039e+02
5.808879999999999910e+01
2.294799999999999951e+00
9.333200000000000385e-01
1.223516999999999939e+02
1.802690000000000126e+01
1.891179999999999950e+01
7.122600000000000042e-01
2.861789999999999878e+01
3.055870000000000175e+01
1.250650000000000084e+01
6.118700000000000250e-01
4.000000000000000000e+01
4.460510000000000019e+01
3.356199999999999850e+00
9.410300000000000331e-01
7.750780000000000314e+01
3.102449999999999974e+01
1.259120000000000061e+01
7.224300000000000166e-01
1.021937000000000069e+02
2.891659999999999897e+01
1.430690000000000062e+01
2.188700000000000090e-01
3.440109999999999957e+01
3.252259999999999707e+01
2.600800000000000001e+00
6.890199999999999658e-01
5.163309999999999889e+01
2.584710000000000107e+01
7.033100000000000129e+00
9.226900000000000102e-01
8.127930000000000632e+01
4.244930000000000092e+01
1.607479999999999976e+01
1.905499999999999972e-01
5.097720000000000340e+01
1.323300000000000054e+01
1.277640000000000065e+01
3.165999999999999925e-01
1.083492999999999995e+02
7.636109999999999332e+01
1.361700000000000088e+01
6.915200000000000236e-01
5.335909999999999798e+01
1.379999999999999893e+00
8.909100000000000463e+00
4.942699999999999871e-01
9.590510000000000446e+01
1.400910000000000011e+01
6.015399999999999636e+00
6.776499999999999746e-01
1.048001000000000005e+02
3.920879999999999654e+01
3.902800000000000047e+00
2.278399999999999870e-01
1.010350999999999999e+02
7.490700000000000358e+00
4.582699999999999996e+00
9.111500000000000155e-01
2.080480000000000018e+01
8.575459999999999638e+01
4.687299999999999578e+00
3.317599999999999993e-01
5.318379999999999797e+01
3.783229999999999649e+01
1.141990000000000016e+01
2.156700000000000006e-01
1.055400000000000063e+02
7.757920000000000016e+01
1.719519999999999982e+01
3.988599999999999923e-01
1.047510999999999939e+02
2.300779999999999959e+01
1.448750000000000071e+01
8.917000000000000481e-01
1.153182999999999936e+02
1.858770000000000167e+01
6.078700000000000436e+00
8.500400000000000178e-01
5.867510000000000048e+01
4.373910000000000053e+01
3.919700000000000184e+00
9.657099999999999573e-01
1.211257999999999981e+02
2.085400000000000031e-01
7.955400000000000027e+00
4.818799999999999750e-01
4.571549999999999869e+01
1.216220000000000034e+01
1.524750000000000050e+01
7.295899999999999608e-01
1.240904000000000025e+02
8.800599999999999312e+00
1.441719999999999935e+01
2.646000000000000019e-01
1.132453000000000003e+02
8.982499999999999929e+00
1.586509999999999998e+01
4.152000000000000135e-01
7.430870000000000175e+01
2.979040000000000177e+01
1.541980000000000040e+01
7.626399999999999846e-01
4.403730000000000189e+01
2.528379999999999939e+01
1.296959999999999980e+01
2.823200000000000154e-01
6.311869999999999692e+01
4.716870000000000118e+01
7.725299999999999834e+00
2.072900000000000020e-01
1.042445000000000022e+02
4.229229999999999734e+01
1.854960000000000164e+01
1.474000000000000032e-01
9.356010000000000559e+01
8.705719999999999459e+01
8.019000000000000128e+00
1.047099999999999975e-01
1.216367000000000047e+02
3.367320000000000135e+01
9.943699999999999761e+00
7.479000000000000092e-01
1.126025000000000063e+02
6.000659999999999883e+01
8.260799999999999699e+00
6.304199999999999804e-01
1.240206000000000017e+02
3.114059999999999917e+01
1.489690000000000047e+01
9.707000000000000073e-01
7.254630000000000223e+01
5.215799999999999770e+00
1.689740000000000109e+01
1.207099999999999979e-01
1.019030999999999949e+02
9.348499999999999588e+00
1.118019999999999925e+01
6.979400000000000048e-01
3.776520000000000010e+01
6.250249999999999773e+01
1.582010000000000005e+01
9.573399999999999688e-01
1.193829999999999956e+02
3.737789999999999679e+01
1.458840000000000003e+01
6.646199999999999886e-01
9.163079999999999359e+01
3.980400000000000205e+01
5.436600000000000321e+00
4.854299999999999726e-01
3.573980000000000246e+01
2.169099999999999895e+01
5.436899999999999622e+00
8.849200000000000399e-01
1.075494999999999948e+02
4.064269999999999783e+01
8.135600000000000165e+00
1.201099999999999945e-01
1.177969999999999970e+02
3.659080000000000155e+01
1.836809999999999832e+01
3.494900000000000229e-01
7.257609999999999673e+01
2.686240000000000094e+01
4.363999999999999879e+00
3.866600000000000037e-01
6.039150000000000063e+01
2.604380000000000095e+01
1.621689999999999898e+01
4.591999999999999971e-01
6.680610000000000070e+01
3.326630000000000109e+01
1.117210000000000036e+01
4.619300000000000073e-01
6.670420000000000016e+01
7.253040000000000020e+01
6.366699999999999804e+00
3.274599999999999733e-01
1.131268000000000029e+02
3.945519999999999783e+01
1.888929999999999865e+01
9.886599999999999833e-01
1.226787999999999954e+02
2.719399999999999817e+00
2.399300000000000210e+00
1.998900000000000121e-01
1.007306999999999988e+02
3.356450000000000244e+01
1.271119999999999983e+01
1.062400000000000011e-01
4.704480000000000217e+01
3.970490000000000208e+01
1.849680000000000035e+01
4.643300000000000205e-01
1.197981999999999942e+02
8.308589999999999520e+01
4.980500000000000149e+00
3.764899999999999913e-01
3.987449999999999761e+01
2.124000000000000110e+00
7.766300000000000203e+00
3.262100000000000000e-01
6.428300000000000125e+01
1.125899999999999901e+00
1.581390000000000029e+01
7.604600000000000248e-01
2.410810000000000031e+01
1.669969999999999999e+01
1.621930000000000049e+01
3.866700000000000137e-01
3.173860000000000170e+01
2.403290000000000148e+01
1.679100000000000037e+01
4.869299999999999740e-01
7.104940000000000566e+01
3.994969999999999999e+01
6.625700000000000145e+00
1.701400000000000134e-01
3.334279999999999688e+01
4.402129999999999654e+01
8.793599999999999639e+00
8.222599999999999909e-01
5.163889999999999958e+01
4.792810000000000059e+01
1.627110000000000056e+01
6.720800000000000107e-01
7.318739999999999668e+01
1.556099999999999994e+01
1.926249999999999929e+01
8.629499999999999948e-01
9.506610000000000582e+01
5.890529999999999688e+01
8.085800000000000765e+00
3.645800000000000152e-01
2.134890000000000043e+01
3.358409999999999940e+01
5.310299999999999798e+00
3.159600000000000186e-01
2.647990000000000066e+01
1.877700000000000102e+01
1.254589999999999961e+01
8.847699999999999454e-01
1.174979000000000013e+02
1.957399999999999973e-01
1.624759999999999849e+01
5.447800000000000420e-01
8.619159999999999400e+01
2.947550000000000026e+01
1.742830000000000013e+01
5.321000000000000174e-01
1.183188999999999993e+02
1.468660000000000032e+01
1.177239999999999931e+01
1.681799999999999962e-01
1.089853999999999985e+02
5.007600000000000051e+00
1.130540000000000056e+01
8.220199999999999729e-01
1.030073000000000008e+02
8.207259999999999422e+01
3.073100000000000165e+00
7.137700000000000156e-01
2.932359999999999900e+01
1.909399999999999986e+00
1.435849999999999937e+01
3.430300000000000016e-01
1.289967000000000041e+02
2.991870000000000118e+01
1.064649999999999963e+01
1.075799999999999951e-01
7.144859999999999900e+01
4.067849999999999966e+01
7.584699999999999775e+00
9.968700000000000339e-01
1.077797000000000054e+02
7.274750000000000227e+01
2.347599999999999909e+00
4.770900000000000141e-01
1.025284000000000049e+02
5.435360000000000014e+01
4.569899999999999629e+00
9.320300000000000251e-01
8.146949999999999648e+01
8.810739999999999839e+01
1.368410000000000082e+01
7.585499999999999465e-01
7.884550000000000125e+01
2.914859999999999829e+01
1.682809999999999917e+01
5.586100000000000509e-01
4.400840000000000174e+01
7.378230000000000643e+01
1.503219999999999956e+01
5.523900000000000476e-01
1.180585999999999984e+02
8.291900000000000048e+00
1.707329999999999970e+01
1.648499999999999965e-01
6.932479999999999620e+01
2.267040000000000077e+01
1.451290000000000013e+01
5.492000000000000215e-01
7.809640000000000271e+01
2.411100000000000065e+01
5.414799999999999613e+00
5.455100000000000504e-01
2.717409999999999926e+01
6.642400000000000304e+00
1.551590000000000025e+01
8.600400000000000267e-01
5.034830000000000183e+01
3.192830000000000013e+01
1.544580000000000020e+01
7.209499999999999797e-01
2.396010000000000062e+01
7.513300000000000090e+00
8.523400000000000531e+00
1.445799999999999863e-01
4.512259999999999849e+01
2.203059999999999974e+01
1.948179999999999978e+01
7.093000000000000416e-01
1.491820999999999913e+02
4.522520000000000095e+01
1.299280000000000079e+01
6.104399999999999826e-01
3.155600000000000094e+01
3.809190000000000254e+01
1.418890000000000029e+01
7.210100000000000398e-01
9.627400000000000091e+01
2.794160000000000110e+01
9.232499999999999929e+00
1.683699999999999919e-01
3.609309999999999974e+01
1.079620000000000068e+01
1.098820000000000086e+01
2.125299999999999967e-01
8.012380000000000280e+01
7.554840000000000089e+01
9.397100000000000009e+00
6.952500000000000346e-01
1.476276000000000010e+02
5.587109999999999843e+01
1.232680000000000042e+01
1.468700000000000006e-01
1.150902999999999992e+02
4.190409999999999968e+01
3.297499999999999876e+00
7.216599999999999682e-01
2.714600000000000080e+01
6.862890000000000157e+01
7.242399999999999949e+00
3.317700000000000093e-01
2.425270000000000081e+01
8.158769999999999811e+01
1.441789999999999949e+01
1.617999999999999994e-01
1.139732999999999947e+02
3.221490000000000009e+01
7.964000000000000412e+00
7.511299999999999644e-01
8.183540000000000703e+01
2.502250000000000085e+01
1.096570000000000000e+01
9.107699999999999685e-01
1.302958000000000141e+02
2.585979999999999990e+01
7.242300000000000182e+00
2.052100000000000035e-01
1.479961999999999875e+02
3.723190000000000310e+01
7.441600000000000215e+00
7.145899999999999475e-01
7.199099999999999966e+01
1.883480000000000132e+01
1.195919999999999916e+01
2.379699999999999871e-01
1.117553000000000054e+02
1.968159999999999954e+01
8.740199999999999747e+00
8.430400000000000116e-01
1.278772000000000020e+02
4.362500000000000000e+01
1.379180000000000028e+01
2.463500000000000134e-01
8.503650000000000375e+01
5.354899999999999771e+00
4.070199999999999818e+00
5.810400000000000009e-01
5.588839999999999719e+01
4.494169999999999732e+01
1.873989999999999867e+01
9.490399999999999947e-01
5.595089999999999719e+01
8.112210000000000321e+01
1.871940000000000026e+01
7.572999999999999732e-01
9.549750000000000227e+01
2.198740000000000094e+01
1.032469999999999999e+01
2.022299999999999931e-01
4.771609999999999729e+01
3.412539999999999907e+01
4.183300000000000018e+00
7.737199999999999633e-01
5.068520000000000181e+01
6.312400000000000233e+00
5.413999999999999702e+00
9.027399999999999869e-01
1.261641000000000048e+02
7.048900000000000432e+01
9.247199999999999420e+00
2.171899999999999942e-01
3.446600000000000108e+01
1.074830000000000041e+01
6.827300000000000146e+00
6.934500000000000108e-01
9.913660000000000139e+01
7.307900000000000063e+00
1.274980000000000047e+01
3.699399999999999911e-01
4.774450000000000216e+01
6.035499999999999865e+00
6.121599999999999930e+00
9.220000000000000417e-01
1.277690999999999946e+02
6.857000000000000206e+00
8.195600000000000662e+00
7.500499999999999945e-01
1.257428000000000026e+02
4.344899999999999984e+00
1.746079999999999899e+01
1.937599999999999878e-01
3.453199999999999648e+01
6.157199999999999562e+00
1.081499999999999950e+01
5.217199999999999616e-01
5.702250000000000085e+01
2.369630000000000081e+01
1.324629999999999974e+01
6.071800000000000530e-01
9.387330000000000041e+01
3.058770000000000167e+01
1.990599999999999881e+01
4.349399999999999933e-01
1.191950999999999965e+02
2.467060000000000031e+01
7.030000000000000249e+00
4.117500000000000049e-01
9.241589999999999350e+01
1.447799999999999976e+01
8.156299999999999883e+00
5.952300000000000368e-01
6.809499999999999886e+01
2.641110000000000113e+01
6.154499999999999638e+00
7.910300000000000109e-01
1.320176999999999907e+02
6.821729999999999450e+01
1.430049999999999955e+01
5.919299999999999562e-01
1.040998000000000019e+02
1.915780000000000172e+01
1.271279999999999966e+01
3.391000000000000125e-01
6.696349999999999625e+01
4.476389999999999958e+01
4.010699999999999932e+00
2.226599999999999968e-01
8.462059999999999604e+01
3.053940000000000055e+01
8.395899999999999253e+00
5.034999999999999476e-01
9.168149999999999977e+01
9.133900000000000574e+00
1.415700000000000003e+01
5.216199999999999726e-01
3.357350000000000279e+01
4.104599999999999937e+01
8.380599999999999383e+00
4.690300000000000025e-01
4.165709999999999980e+01
2.990080000000000027e+01
1.971920000000000073e+01
8.730400000000000382e-01
8.699580000000000268e+01
3.535020000000000095e+01
1.710439999999999827e+01
8.964800000000000546e-01
9.919920000000000471e+01
4.144559999999999889e+01
1.204829999999999934e+01
7.907399999999999984e-01
6.540560000000000684e+01
7.748599999999999710e+00
4.446399999999999686e+00
7.140999999999999570e-01
5.251720000000000255e+01
4.393460000000000321e+01
1.955399999999999849e+01
6.103100000000000191e-01
1.175084999999999980e+02
3.381110000000000326e+01
6.843200000000000394e+00
1.354299999999999948e-01
3.418730000000000047e+01
3.342600000000000016e+00
1.614949999999999974e+01
1.368000000000000049e-01
4.003070000000000306e+01
9.258300000000000196e+00
1.175849999999999973e+01
2.821000000000000174e-01
1.138821999999999974e+02
4.435520000000000351e+01
1.780150000000000077e+01
6.104399999999999826e-01
1.123431999999999960e+02
4.383050000000000068e+01
5.206400000000000361e+00
2.152100000000000124e-01
4.233129999999999882e+01
4.495859999999999701e+01
1.108300000000000018e+01
2.578500000000000236e-01
9.557959999999999923e+01
6.723099999999999632e+00
4.634900000000000020e+00
3.517399999999999971e-01
2.355559999999999832e+01
3.170029999999999859e+01
1.047659999999999947e+01
3.074399999999999911e-01
4.541669999999999874e+01
3.799389999999999645e+01
1.652149999999999963e+01
3.092300000000000049e-01
1.351734999999999900e+02
2.285109999999999886e+01
1.395120000000000005e+01
1.999700000000000089e-01
1.029723000000000042e+02
1.135650000000000048e+01
2.169500000000000206e+00
2.299900000000000000e-01
7.309369999999999834e+01
7.810699999999999932e+01
1.421720000000000006e+01
7.819700000000000539e-01
7.118559999999999377e+01
3.344100000000000250e+01
7.896200000000000330e+00
7.041399999999999881e-01
1.287718000000000131e+02
1.973900000000000077e+01
1.604410000000000025e+01
1.730099999999999971e-01
1.212305000000000064e+02
4.182240000000000180e+01
1.227660000000000018e+01
3.363800000000000123e-01
6.703260000000000218e+01
2.556599999999999984e+00
1.876129999999999853e+01
3.887300000000000200e-01
7.744079999999999586e+01
3.641799999999999926e+01
1.800150000000000006e+01
4.571799999999999753e-01
1.011710999999999956e+02
5.104000000000000092e+00
1.971940000000000026e+01
9.755099999999999882e-01
1.005183999999999997e+02
4.232869999999999777e+01
2.679300000000000015e+00
8.966499999999999471e-01
1.239020000000000010e+02
4.109790000000000276e+01
1.738860000000000028e+01
4.279600000000000071e-01
9.173950000000000671e+01
7.359300000000000175e+00
1.480320000000000036e+01
8.420199999999999907e-01
1.141115000000000066e+02
5.382860000000000156e+01
1.584120000000000061e+01
4.564099999999999824e-01
2.485910000000000153e+01
1.228219999999999956e+01
1.284430000000000049e+01
2.245800000000000018e-01
7.441910000000000025e+01
3.500769999999999982e+01
1.123049999999999926e+01
3.833099999999999841e-01
1.108487999999999971e+02
2.934349999999999881e+01
1.235280000000000022e+01
2.339199999999999890e-01
5.987080000000000268e+01
4.307620000000000005e+01
1.193270000000000053e+01
2.978999999999999981e-01
6.988509999999999422e+01
3.988999999999999879e+00
5.936200000000000365e+00
1.952200000000000046e-01
2.829870000000000019e+01
4.936399999999999899e+00
5.206100000000000172e+00
4.236699999999999910e-01
8.810609999999999786e+01
2.551699999999999857e+00
9.688599999999999213e+00
6.566499999999999559e-01
2.959149999999999991e+01
3.152590000000000003e+01
1.972269999999999968e+01
6.629599999999999937e-01
4.637169999999999703e+01
1.916800000000000059e+00
1.436810000000000009e+01
2.411500000000000032e-01
3.425880000000000081e+01
4.080859999999999843e+01
1.529550000000000054e+01
6.273900000000000032e-01
1.069672999999999945e+02
1.110309999999999953e+01
1.735460000000000136e+01
6.598500000000000476e-01
8.697910000000000252e+01
1.579289999999999949e+01
9.611900000000000333e+00
1.848100000000000021e-01
8.145560000000000400e+01
2.693359999999999843e+01
1.781040000000000134e+01
9.579400000000000137e-01
1.133761999999999972e+02
4.267170000000000130e+01
7.834500000000000242e+00
3.208300000000000041e-01
3.259029999999999916e+01
3.765740000000000265e+01
1.722340000000000160e+01
1.792100000000000082e-01
7.310169999999999391e+01
1.774040000000000106e+01
1.944140000000000157e+01
4.667799999999999727e-01
8.049509999999999366e+01
8.419100000000000472e-01
9.654700000000000060e+00
3.814500000000000113e-01
4.332900000000000063e+01
7.266799999999999926e+00
2.976300000000000168e+00
2.594000000000000195e-01
6.317320000000000135e+01
2.982639999999999958e+01
3.545799999999999841e+00
7.099999999999999645e-01
3.318900000000000322e-02
1.125339999999999918e+01
3.830499999999999794e+00
4.119800000000000129e-01
1.282599999999999909e+02
2.243070000000000164e+01
1.960050000000000026e+01
4.985399999999999832e-01
3.160770000000000124e+01
2.283930000000000149e+01
1.405059999999999931e+01
7.827199999999999713e-01
2.093659999999999854e+01
1.096889999999999965e+01
1.259249999999999936e+01
1.113200000000000023e-01
1.243383999999999929e+02
2.343700000000000117e+00
1.731279999999999930e+01
6.045000000000000373e-01
1.109150999999999954e+02
4.183239999999999981e+01
1.249619999999999997e+01
9.774500000000000410e-01
4.626019999999999754e+01
6.220130000000000337e+01
1.472450000000000081e+01
9.995399999999999840e-01
7.409520000000000550e+01
1.295320000000000071e+01
1.296069999999999922e+01
3.267900000000000249e-01
4.000070000000000192e+01
1.648290000000000077e+01
1.556080000000000041e+01
1.814300000000000079e-01
2.584019999999999939e+01
7.907129999999999370e+01
6.984600000000000364e+00
1.415500000000000091e-01
1.274612000000000052e+02
4.370899999999999785e+00
9.591699999999999449e+00
9.241599999999999815e-01
1.452137999999999920e+02
3.564929999999999666e+01
1.922899999999999920e+01
5.368399999999999839e-01
3.851619999999999777e+01
3.601259999999999906e+01
8.200300000000000367e+00
8.024700000000000166e-01
2.087630000000000052e+01
3.038990000000000080e+01
1.261110000000000042e+01
3.035700000000000065e-01
9.607970000000000255e+01
1.730790000000000006e+01
9.245200000000000529e+00
3.644899999999999807e-01
1.497086999999999932e+02
7.672069999999999368e+01
1.642810000000000059e+01
6.640200000000000546e-01
1.383085000000000093e+02
4.492669999999999675e+01
9.559699999999999420e+00
8.055700000000000083e-01
1.284259000000000128e+02
4.631700000000000261e-01
1.300970000000000049e+01
2.308900000000000119e-01
1.085112000000000023e+02
3.663259999999999650e+01
1.935960000000000036e+01
4.892400000000000082e-01
1.189320000000000022e+02
3.126379999999999981e+01
2.669599999999999973e+00
8.882600000000000495e-01
5.486889999999999645e+01
7.149949999999999761e+01
1.359159999999999968e+01
9.630199999999999871e-01
1.046491000000000042e+02
4.235889999999999844e+01
5.395900000000000141e+00
3.587500000000000133e-01
9.519530000000000314e+01
4.100100000000000300e+00
9.850400000000000489e+00
9.348300000000000498e-01
1.100974999999999966e+02
1.334329999999999927e+01
1.825769999999999982e+01
4.812400000000000011e-01
8.121280000000000143e+01
4.244089999999999918e+01
1.773110000000000142e+01
9.667400000000000437e-01
5.759479999999999933e+01
1.056879999999999953e+01
1.535319999999999929e+01
1.448500000000000065e-01
1.384045999999999879e+02
8.054000000000000625e+01
1.927540000000000120e+01
4.063499999999999890e-01
4.920750000000000313e+01
2.633699999999999974e+01
1.541370000000000040e+01
1.892800000000000038e-01
6.981709999999999638e+01
4.498579999999999757e+01
1.193239999999999945e+01
9.006800000000000361e-01
6.042260000000000275e+01
1.490349999999999930e+01
4.485100000000000087e+00
1.860900000000000054e-01
4.882809999999999917e+01
3.599790000000000134e+01
1.739870000000000161e+01
7.305899999999999617e-01
1.402369999999999948e+02
8.928430000000000177e+01
8.741799999999999571e+00
4.990999999999999881e-01
6.694559999999999889e+01
4.192029999999999745e+01
8.140200000000000102e+00
6.466499999999999471e-01
1.163646999999999991e+02
8.628500000000000725e+00
1.518580000000000041e+01
4.196900000000000075e-01
4.797030000000000172e+01
6.244600000000000151e+00
3.706100000000000172e+00
5.835000000000000187e-01
6.964660000000000650e+01
3.288800000000000168e+00
3.821600000000000108e+00
4.186500000000000221e-01
2.314270000000000138e+01
2.339290000000000092e+01
1.048649999999999949e+01
3.432100000000000151e-01
1.294808999999999912e+02
8.321909999999999741e+01
1.237010000000000076e+01
4.103100000000000080e-01
1.301665999999999883e+02
9.662599999999999412e+00
1.567660000000000053e+01
3.764199999999999768e-01
2.604680000000000106e+01
3.321099999999999941e+00
1.854670000000000130e+01
8.725899999999999768e-01
8.271649999999999636e+01
4.327759999999999962e+01
7.475100000000000300e+00
7.698599999999999888e-01
1.048320999999999970e+02
2.954090000000000060e+01
9.871000000000000441e+00
3.882399999999999740e-01
8.982019999999999982e+01
9.489699999999999136e+00
4.458700000000000330e+00
3.713199999999999834e-01
4.735110000000000241e+01
1.082939999999999969e+01
1.649879999999999924e+01
6.190499999999999892e-01
5.131110000000000326e+01
8.231500000000000483e+00
1.683879999999999910e+01
9.844000000000000528e-01
6.487590000000000146e+01
3.286119999999999663e+01
3.424199999999999910e+00
5.995500000000000274e-01
1.000143000000000058e+02
3.144889999999999830e+01
1.032409999999999961e+01
4.819100000000000050e-01
1.205057999999999936e+02
2.074119999999999919e+01
1.074039999999999928e+01
3.261999999999999900e-01
9.709940000000000282e+01
1.751670000000000016e+01
1.399450000000000038e+01
7.965100000000000513e-01
1.231362000000000023e+02
1.312439999999999962e+01
1.087870000000000026e+01
8.224799999999999889e-01
2.827959999999999852e+01
1.347589999999999932e+01
6.533800000000000274e+00
9.750100000000000433e-01
1.424564000000000021e+02
2.639789999999999992e+01
1.212630000000000052e+01
1.988000000000000045e-01
7.362820000000000675e+01
1.914800000000000058e+00
1.587860000000000049e+01
1.453800000000000092e-01
8.679149999999999920e+01
5.641899999999999693e+00
1.442900000000000027e+01
5.931999999999999496e-01
1.297989000000000033e+02
6.886799999999999500e+01
1.253519999999999968e+01
1.053999999999999937e-01
8.933469999999999800e+01
6.793129999999999313e+01
9.566200000000000259e+00
9.278300000000000436e-01
8.455740000000000123e+01
8.470310000000000628e+01
1.293500000000000050e+01
9.559699999999999864e-01
5.247149999999999892e+01
3.142030000000000101e+01
1.827070000000000149e+01
4.266900000000000137e-01
7.575239999999999441e+01
3.907000000000000028e+01
1.198039999999999949e+01
3.610599999999999921e-01
8.723340000000000316e+01
6.645999999999999908e+00
3.249099999999999877e+00
1.362200000000000077e-01
1.113247000000000071e+02
3.242110000000000269e+01
1.265540000000000020e+01
8.508000000000000007e-01
6.138029999999999831e+01
6.428700000000000081e+00
1.552280000000000015e+01
3.295899999999999941e-01
1.112295000000000016e+02
2.276810000000000045e+01
1.190130000000000088e+01
9.514500000000000179e-01
8.965659999999999741e+01
1.659159999999999968e+01
1.311180000000000057e+01
5.235800000000000454e-01
8.196410000000000196e+01
2.034410000000000096e+01
1.671150000000000091e+01
8.818300000000000027e-01
7.217159999999999798e+01
3.799599999999999866e+00
1.265540000000000020e+01
2.710000000000000187e-01
1.248188999999999993e+02
6.113850000000000051e+01
1.296700000000000053e+01
9.726299999999999946e-01
6.260560000000000258e+01
4.831609999999999872e+01
1.802860000000000085e+01
8.190600000000000103e-01
2.669879999999999853e+01
3.304529999999999745e+01
1.890459999999999852e+01
3.711800000000000099e-01
6.344819999999999993e+01
1.329899999999999949e+01
1.711260000000000048e+01
2.845599999999999796e-01
2.581500000000000128e+01
9.917500000000000426e+00
3.685400000000000009e+00
7.948199999999999710e-01
7.691939999999999600e+01
8.157789999999999964e+01
6.168300000000000338e+00
5.537600000000000300e-01
1.210444999999999993e+02
8.868399999999999395e+00
1.804439999999999955e+01
2.410700000000000065e-01
9.968940000000000623e+01
1.485960000000000036e+01
1.380330000000000013e+01
1.321400000000000075e-01
1.418860999999999990e+02
3.821079999999999899e+01
1.077190000000000047e+01
4.456399999999999806e-01
7.422480000000000189e+01
6.997450000000000614e+01
1.404739999999999966e+01
1.443300000000000138e-01
1.499833000000000141e+02
4.126050000000000040e+01
1.866189999999999927e+01
8.107799999999999452e-01
6.871890000000000498e+01
5.037469999999999715e+01
3.311900000000000066e+00
1.796699999999999964e-01
1.430626000000000033e+02
3.592580000000000240e+01
1.467970000000000041e+01
3.539200000000000124e-01
8.753010000000000446e+01
6.183890000000000242e+01
8.026799999999999713e+00
9.148199999999999665e-01
1.020750000000000028e+02
8.868040000000000589e+01
5.276099999999999568e+00
7.705400000000000027e-01
5.290350000000000108e+01
3.043449999999999989e+01
1.209869999999999912e+01
1.117699999999999944e-01
5.274960000000000093e+01
3.290370000000000061e+01
6.261800000000000033e+00
7.524399999999999977e-01
7.359369999999999834e+01
4.049230000000000018e+01
1.140269999999999939e+01
4.246099999999999874e-01
5.135419999999999874e+01
6.248460000000000036e+01
4.154799999999999827e+00
4.208799999999999764e-01
7.761379999999999768e+01
1.594870000000000054e+01
1.235379999999999967e+01
1.537999999999999923e-01
6.608719999999999573e+01
1.056509999999999927e+01
7.139100000000000001e+00
7.717699999999999561e-01
8.299769999999999470e+01
1.106359999999999921e+01
1.566119999999999912e+01
8.885999999999999455e-01
4.323740000000000094e+01
1.764819999999999922e+01
1.390680000000000049e+01
8.259699999999999820e-01
6.933050000000000068e+01
5.249200000000000088e+00
1.928049999999999997e+01
1.323999999999999899e-01
7.118080000000000496e+01
1.043270000000000053e+01
1.069810000000000016e+01
6.179799999999999738e-01
4.875119999999999720e+01
1.647640000000000171e+01
1.507559999999999967e+01
9.677099999999999591e-01
9.146420000000000528e+01
2.568380000000000152e+01
1.510529999999999973e+01
3.836800000000000210e-01
1.271557999999999993e+02
4.881099999999999994e+01
1.567469999999999963e+01
1.378699999999999926e-01
5.551350000000000051e+01
7.781600000000000072e+00
1.115390000000000015e+01
7.988499999999999490e-01
5.097630000000000194e+01
3.527839999999999776e+01
9.506500000000000838e+00
2.853800000000000225e-01
3.071030000000000015e+01
4.265699999999999648e+01
1.506830000000000069e+01
6.904400000000000537e-01
5.362409999999999854e+01
6.482999999999999829e+01
1.278430000000000000e+01
7.979100000000000081e-01
7.914379999999999882e+01
3.656400000000000006e+01
1.244159999999999933e+01
9.238800000000000345e-01
6.889170000000000016e+01
2.394000000000000128e+01
1.394909999999999961e+01
4.952900000000000080e-01
1.316326999999999998e+02
8.264499999999999602e+01
1.559609999999999985e+01
2.824200000000000044e-01
9.885139999999999816e+01
7.637599999999999945e+00
5.073599999999999888e+00
3.392100000000000115e-01
2.624520000000000053e+01
4.306110000000000326e+01
5.453700000000000436e+00
2.509000000000000119e-01
1.096356999999999999e+02
6.121940000000000026e+01
3.097500000000000142e+00
3.357600000000000029e-01
7.294329999999999359e+01
1.724859999999999971e+01
1.035810000000000031e+01
6.704400000000000359e-01
5.659199999999999875e+01
6.595709999999999695e+01
1.269359999999999999e+01
1.453899999999999915e-01
9.941899999999999693e+01
2.007839999999999847e+01
1.647490000000000165e+01
9.811900000000000066e-01
2.206030000000000157e+01
2.565070000000000050e+01
9.325300000000000367e+00
5.296899999999999942e-01
5.282330000000000325e+01
2.329980000000000118e+01
5.799100000000000144e+00
3.100700000000000123e-01
2.838560000000000016e+01
4.265509999999999735e+01
9.129400000000000404e+00
4.963899999999999979e-01
1.038051999999999992e+02
8.609489999999999554e+01
1.836139999999999972e+01
3.748000000000000220e-01
6.550440000000000396e+01
8.771259999999999479e+01
4.362199999999999633e+00
8.628500000000000059e-01
7.333440000000000225e+01
1.591610000000000014e+01
1.113119999999999976e+01
3.315100000000000269e-01
7.422129999999999939e+01
1.873299999999999965e+00
8.120300000000000296e+00
5.238599999999999923e-01
1.103585999999999956e+02
1.270940000000000047e+01
1.025500000000000078e+01
3.430000000000000271e-01
1.265991999999999962e+02
3.211469999999999914e+01
1.648570000000000135e+01
8.087600000000000344e-01
7.212439999999999429e+01
3.171140000000000114e+01
1.545429999999999993e+01
9.774399999999999755e-01
7.343699999999999761e+01
1.491530000000000022e+01
1.715469999999999828e+01
8.496299999999999963e-01
1.000566000000000031e+02
1.153979999999999961e+01
1.297419999999999973e+01
9.909599999999999520e-01
1.329827999999999975e+02
3.652190000000000225e+01
1.885409999999999897e+01
7.968199999999999728e-01
1.280317000000000007e+02
6.310759999999999792e+01
1.365709999999999980e+01
7.111199999999999743e-01
1.433452000000000055e+02
2.861039999999999850e+01
1.525639999999999930e+01
6.704499999999999904e-01
6.995470000000000255e+01
2.678859999999999886e+01
2.834099999999999842e+00
8.955699999999999772e-01
9.235739999999999839e+01
3.034519999999999840e+01
1.189559999999999995e+01
2.738399999999999723e-01
1.206735000000000042e+02
7.462290000000000134e+01
1.855590000000000117e+01
2.077400000000000080e-01
9.949039999999999395e+01
1.487010000000000076e+01
2.995999999999999996e+00
4.258899999999999908e-01
1.490526000000000124e+02
3.584810000000000230e+01
9.081799999999999429e+00
3.653699999999999726e-01
9.201470000000000482e+01
4.904700000000000060e+00
7.973300000000000054e+00
6.302900000000000169e-01
5.936209999999999809e+01
2.858990000000000009e+01
1.791450000000000031e+01
2.799499999999999766e-01
8.880649999999999977e+01
3.146890000000000143e+01
4.815299999999999692e+00
8.699700000000000211e-01
6.910349999999999682e+01
2.901439999999999841e+01
1.542750000000000021e+01
4.077600000000000113e-01
2.399530000000000030e+01
8.855240000000000578e+01
1.820070000000000121e+01
2.702300000000000257e-01
5.336560000000000059e+01
2.214410000000000167e+01
4.132299999999999862e+00
3.883900000000000130e-01
2.623219999999999885e+01
3.682840000000000202e+01
1.163109999999999999e+01
4.024900000000000144e-01
9.064979999999999905e+01
5.668399999999999750e+01
1.165809999999999924e+01
3.296000000000000041e-01
3.267860000000000298e+01
2.222690000000000055e+01
9.154999999999999361e+00
4.319999999999999951e-01
7.545420000000000016e+01
1.585360000000000014e+01
4.559099999999999930e+00
9.258899999999999908e-01
7.189109999999999445e+01
1.828269999999999840e+01
1.961629999999999896e+01
7.414300000000000335e-01
8.147700000000000387e+01
2.252120000000000033e+01
1.465419999999999945e+01
8.062899999999999512e-01
8.434040000000000248e+01
8.581619999999999493e+01
1.856080000000000041e+01
5.192799999999999638e-01
7.306799999999999784e+01
2.420390000000000086e+01
1.500389999999999979e+01
2.348800000000000054e-01
8.767659999999999343e+01
2.968220000000000169e+01
1.856919999999999860e+01
3.973999999999999755e-01
6.991589999999999350e+01
1.741479999999999961e+01
1.473429999999999929e+01
6.256699999999999484e-01
1.205598999999999990e+02
3.689030000000000342e+01
1.309650000000000070e+01
8.520100000000000451e-01
1.378959000000000117e+02
2.001119999999999877e+01
1.465939999999999976e+01
6.046500000000000208e-01
1.138098999999999990e+02
4.431920000000000215e+01
5.121000000000000441e+00
4.518400000000000194e-01
1.248391000000000020e+02
3.741210000000000235e+01
2.767599999999999838e+00
7.000100000000000211e-01
4.716989999999999839e+01
5.224490000000000123e+01
1.896290000000000120e+01
4.328199999999999825e-01
3.147259999999999991e+01
2.306080000000000041e+01
1.338250000000000028e+01
1.877900000000000125e-01
9.136799999999999500e+01
1.253240000000000087e+01
1.156400000000000006e+01
3.926299999999999790e-01
9.973009999999999309e+01
4.753300000000000303e+00
8.628299999999999415e+00
2.622300000000000186e-01
5.924699999999999989e+01
5.498960000000000292e+01
4.517000000000000348e+00
1.508799999999999863e-01
1.251743000000000023e+02
1.222480000000000011e+01
1.436200000000000010e+01
2.651600000000000068e-01
1.016431999999999931e+02
1.658180000000000121e+01
7.599800000000000111e+00
9.310399999999999787e-01
4.411849999999999739e+01
1.935930000000000106e+01
1.118999999999999950e+01
4.646299999999999875e-01
1.133255999999999943e+02
2.153699999999999903e+01
1.138039999999999985e+01
3.084299999999999820e-01
1.014398000000000053e+02
2.200039999999999907e+01
1.851190000000000069e+01
1.390599999999999892e-01
7.298390000000000555e+01
4.378320000000000078e+01
1.503539999999999921e+01
8.983799999999999564e-01
4.235130000000000194e+01
3.374589999999999890e+01
9.615999999999999659e+00
6.900199999999999667e-01
8.932280000000000086e+01
3.253150000000000119e+01
6.326299999999999812e+00
6.869699999999999696e-01
4.603229999999999933e+01
9.039400000000000546e+00
1.115740000000000087e+01
3.570999999999999730e-01
4.431329999999999814e+01
7.775010000000000332e+01
1.617109999999999914e+01
5.985399999999999610e-01
7.133719999999999573e+01
8.841570000000000107e+01
7.048499999999999766e+00
6.168200000000000349e-01
1.309334000000000060e+02
4.003470000000000084e+01
1.354790000000000028e+01
5.366699999999999804e-01
1.213205999999999989e+02
7.182559999999999434e+01
1.274099999999999966e+01
5.253400000000000292e-01
4.306839999999999691e+01
1.396999999999999978e-02
5.597500000000000142e+00
4.662600000000000078e-01
1.277386999999999944e+02
3.369180000000000064e+01
1.593670000000000009e+01
2.712800000000000211e-01
8.134040000000000248e+01
7.505519999999999925e+01
6.072799999999999976e+00
1.058999999999999941e-01
1.081317999999999984e+02
1.969320000000000093e+01
1.028120000000000012e+01
1.478800000000000114e-01
6.065879999999999939e+01
2.791140000000000043e+01
1.375189999999999912e+01
8.739900000000000446e-01
6.706010000000000559e+01
1.372259999999999991e+01
1.180940000000000012e+01
6.895700000000000163e-01
1.034251000000000005e+02
8.377049999999999841e+01
4.961500000000000021e+00
1.064100000000000046e-01
3.594160000000000110e+01
4.338589999999999947e+01
1.601839999999999975e+01
4.811099999999999821e-01
5.477450000000000330e+01
4.086999999999999744e+00
1.604449999999999932e+01
4.507599999999999940e-01
7.271049999999999613e+01
1.087609999999999921e+01
6.293199999999999683e+00
4.887000000000000233e-01
1.275863999999999976e+02
5.446399999999999864e+01
3.629799999999999915e+00
1.070300000000000001e-01
1.112197000000000031e+02
2.896379999999999910e+01
5.456500000000000128e+00
2.249899999999999956e-01
3.224349999999999739e+01
3.133200000000000074e+01
1.582240000000000002e+01
4.631600000000000161e-01
1.267527000000000044e+02
3.177769999999999939e+01
1.138299999999999912e+01
1.663499999999999979e-01
9.369070000000000675e+01
7.314520000000000266e+01
1.349959999999999916e+01
8.528499999999999970e-01
3.801030000000000086e+01
7.431289999999999907e+01
1.869160000000000110e+01
8.828200000000000491e-01
1.291347000000000094e+02
2.515149999999999864e+01
1.035449999999999982e+01
4.263600000000000168e-01
9.784980000000000189e+01
1.445490000000000030e+01
1.223879999999999946e+01
5.224499999999999700e-01
6.399450000000000216e+01
5.355900000000000105e-01
1.209929999999999950e+01
5.849199999999999955e-01
4.471710000000000207e+01
2.978299999999999947e+00
1.194410000000000061e+01
8.204000000000000181e-01
2.294259999999999877e+01
7.882829999999999870e+01
5.420799999999999841e+00
1.858400000000000052e-01
1.469227999999999952e+02
3.165459999999999852e+01
1.504729999999999990e+01
4.269600000000000062e-01
5.535690000000000310e+01
3.507970000000000255e+01
1.302660000000000018e+01
3.957100000000000062e-01
1.211077999999999975e+02
1.316159999999999997e+01
5.763899999999999579e+00
7.565699999999999648e-01
1.253382000000000005e+02
9.709199999999999164e+00
9.282400000000000873e+00
5.035399999999999876e-01
1.196373999999999995e+02
1.646170000000000044e+01
1.229269999999999996e+01
5.376699999999999813e-01
4.068149999999999977e+01
1.377929999999999922e+01
1.665709999999999980e+01
3.191700000000000093e-01
6.567289999999999850e+01
4.181689999999999685e+01
1.439259999999999984e+01
1.629599999999999937e-01
4.022639999999999816e+01
5.959200000000000053e+00
9.782999999999999474e+00
8.427799999999999736e-01
3.737879999999999825e+01
3.756099999999999994e+00
5.102000000000000313e+00
5.348199999999999621e-01
1.208691000000000031e+02
3.528700000000000170e+00
1.811380000000000123e+01
8.791400000000000325e-01
5.606940000000000168e+01
1.191980000000000040e+01
1.096819999999999951e+01
1.363199999999999967e-01
8.713330000000000553e+01
3.309660000000000224e+01
1.598039999999999949e+01
7.953900000000000414e-01
8.452309999999999945e+01
7.658729999999999905e+01
4.493999999999999773e+00
5.611199999999999521e-01
9.640709999999999980e+01
2.528229999999999933e+01
3.776800000000000157e+00
3.356799999999999784e-01
1.087044999999999959e+02
1.509110000000000085e+01
1.276069999999999993e+01
4.200900000000000190e-01
9.099360000000000070e+01
7.628629999999999711e+01
6.496999999999999886e+00
2.148799999999999877e-01
9.573120000000000118e+01
9.609500000000000597e+00
6.066600000000000215e+00
2.536399999999999766e-01
7.685869999999999891e+01
1.024489999999999945e+01
1.920619999999999905e+01
9.093999999999999861e-01
2.338410000000000011e+01
5.309199999999999697e+00
1.752359999999999829e+01
7.637599999999999945e-01
1.135566000000000031e+02
2.885079999999999956e+01
1.399409999999999954e+01
5.852100000000000080e-01
1.069818999999999960e+02
3.141469999999999985e+01
1.456179999999999986e+01
7.638399999999999634e-01
1.014860999999999933e+02
2.903999999999999915e+01
1.123980000000000068e+01
2.769900000000000140e-01
3.879399999999999693e+01
3.601250000000000284e+01
1.482169999999999987e+01
6.349700000000000344e-01
1.293259999999999934e+02
1.612470000000000070e+01
1.870959999999999823e+01
6.220799999999999663e-01
3.577219999999999800e+01
7.642299999999999649e-01
1.511669999999999980e+01
3.389900000000000135e-01
8.590309999999999491e+01
4.006519999999999726e+01
5.314799999999999969e+00
6.569199999999999484e-01
1.452103999999999928e+02
6.351449999999999818e+01
1.828790000000000049e+01
9.817700000000000315e-01
3.450110000000000099e+01
1.974909999999999854e+01
